Version  	 2.0
 Type  	analog
 Azimut 	180
 Exceed 	40
 Alpha  	20
 Quantity of cycles 	500
 Quantity of strobes 	2001
 Strobe 	10
 Delay  	0
 Time begin 	15:19:06
 Time end   	15:19:31
 Data
320676	409039	
320615	410062	
320376	409478	
320658	409377	
320617	454883	
320538	417154	
320894	412546	
321831	408219	
321243	410401	
321051	411132	
320954	409232	
320724	409941	
320662	409918	
320690	411695	
320708	409207	
320671	410416	
320625	409161	
320574	409478	
320613	409654	
320639	410240	
320669	408874	
320641	409470	
320603	409896	
320605	409554	
320601	411144	
320593	409010	
320542	408932	
320541	409328	
320630	409669	
320652	410372	
320629	410156	
320639	410446	
320634	409283	
320632	410751	
320637	411234	
320652	410212	
320629	409714	
320545	409420	
320519	409302	
320588	409598	
320634	411063	
320655	410110	
320607	409738	
320697	408618	
320686	410160	
320729	410203	
320745	410253	
320731	409636	
320809	409596	
320747	410188	
320758	410043	
320797	409010	
320761	409402	
320735	409898	
320787	409496	
320751	409266	
320826	409552	
320847	410451	
320849	409223	
320920	410617	
320875	409762	
320894	410844	
320924	410171	
320825	409556	
320855	410311	
320817	409724	
320806	409306	
320909	409456	
320883	409561	
320815	409426	
320871	409978	
320914	409581	
320881	410315	
320845	409809	
320831	409521	
320834	410231	
320837	409677	
320869	409580	
320849	409732	
320825	410112	
320862	409763	
320866	409403	
320905	410238	
320866	410963	
320855	409010	
320884	409233	
320817	409744	
320806	409585	
320791	410625	
320728	409546	
320738	409712	
320769	409658	
320762	409177	
320803	409178	
320787	409637	
320792	409382	
320774	409215	
320749	409394	
320782	409675	
320785	409516	
320755	410318	
320732	410166	
320757	409891	
320771	409766	
320705	410180	
320684	409657	
320634	410633	
320741	410291	
320790	409166	
320719	410540	
320760	409920	
320747	410624	
320735	410111	
320741	409512	
320799	410634	
320728	409456	
320678	409673	
320702	410036	
320726	409580	
320730	409644	
320783	408270	
320714	409182	
320674	410062	
320722	409868	
320727	409602	
320698	410281	
320711	409387	
320683	409123	
320656	409716	
320670	409450	
320693	409033	
320697	409622	
320695	409941	
320745	409539	
320777	408791	
320707	410369	
320697	410250	
320664	410253	
320669	409001	
320656	409954	
320641	410115	
320634	410173	
320605	409694	
320650	409376	
320673	409693	
320645	409701	
320730	409425	
320703	410146	
320721	409493	
320675	410003	
320690	409755	
320658	409786	
320751	409870	
320662	408624	
320657	409451	
320652	409937	
320633	408900	
320678	409972	
320701	409540	
320707	410101	
320718	409928	
320691	410019	
320722	409143	
320648	409807	
320657	409151	
320646	409739	
320603	409853	
320582	409923	
320618	409739	
320625	408754	
320644	409675	
320657	410190	
320661	409898	
320680	409101	
320675	410229	
320658	408508	
320658	409850	
320680	409656	
320683	409579	
320584	409059	
320588	409281	
320617	409618	
320622	409697	
320610	409863	
320628	408605	
320568	409718	
320578	409992	
320630	409664	
320642	409408	
320608	410159	
320630	408900	
320611	410034	
320608	410373	
320663	408967	
320626	410593	
320667	409615	
320660	409380	
320638	409882	
320625	409461	
320682	409209	
320689	409100	
320671	409848	
320678	409022	
320626	410180	
320651	410392	
320673	409404	
320577	409232	
320597	409728	
320624	408306	
320621	408542	
320604	409916	
320651	410393	
320630	409713	
320632	410319	
320638	409370	
320537	409232	
320596	410533	
320593	409778	
320609	408896	
320634	409783	
320642	410269	
320644	409464	
320689	409236	
320717	409003	
320691	409282	
320649	408913	
320658	409362	
320644	408864	
320631	409380	
320624	409719	
320582	409847	
320619	409745	
320611	409579	
320619	409304	
320630	409288	
320682	409579	
320638	409595	
320635	409395	
320605	410052	
320535	409114	
320615	409872	
320596	409355	
320590	409385	
320614	410077	
320585	409091	
320571	409473	
320576	409457	
320610	409432	
320604	409641	
320574	410201	
320623	409675	
320605	409350	
320650	409566	
320614	409257	
320564	410324	
320605	410037	
320524	410014	
320554	409987	
320596	409414	
320557	409810	
320617	409452	
320580	409449	
320625	409644	
320599	409278	
320617	410290	
320616	408724	
320566	410005	
320646	409312	
320557	409149	
320608	409846	
320548	409070	
320579	409769	
320579	409034	
320619	410304	
320618	409537	
320648	409122	
320605	410270	
320604	409389	
320614	409120	
320561	408542	
320556	410092	
320567	409998	
320609	409839	
320516	409831	
320589	409299	
320589	409946	
320614	409419	
320620	409786	
320587	410246	
320604	409253	
320586	409616	
320587	409079	
320601	410145	
320584	409252	
320598	409067	
320588	409315	
320564	410360	
320603	408621	
320575	409366	
320597	409635	
320567	410207	
320624	409151	
320591	409243	
320577	410454	
320556	408872	
320576	409918	
320553	409374	
320588	409260	
320542	410254	
320596	410788	
320573	409123	
320630	409316	
320610	409863	
320591	410555	
320563	409922	
320600	408582	
320571	409700	
320588	410547	
320544	409599	
320548	410136	
320570	409485	
320545	409904	
320588	409668	
320571	409232	
320604	409125	
320605	410054	
320602	410023	
320549	410580	
320506	409034	
320587	409394	
320491	410018	
320528	409389	
320529	409308	
320565	409687	
320585	409069	
320551	409976	
320586	409136	
320564	410032	
320565	409579	
320535	410389	
320542	410075	
320546	409346	
320554	409621	
320569	409487	
320608	409064	
320615	409717	
320545	409810	
320562	408476	
320596	410341	
320567	410052	
320606	409481	
320587	409381	
320609	409452	
320549	410516	
320587	409322	
320601	409178	
320566	409789	
320542	409068	
320518	409257	
320600	409181	
320510	409676	
320576	410767	
320600	410028	
320588	410308	
320548	409663	
320526	409706	
320569	409695	
320549	409428	
320544	410033	
320591	409687	
320567	409889	
320576	408118	
320539	409659	
320485	409648	
320538	409387	
320524	409179	
320570	410167	
320551	409898	
320557	409838	
320516	409735	
320542	410120	
320525	409826	
320540	409982	
320493	409428	
320497	409805	
320560	409123	
320587	409466	
320588	409535	
320596	409636	
320566	409983	
320595	410386	
320543	410230	
320547	409685	
320512	409906	
320520	409256	
320548	409166	
320531	408771	
320568	408745	
320565	409643	
320567	409321	
320585	409635	
320575	409188	
320559	409359	
320599	410044	
320609	410125	
320559	410721	
320590	409449	
320575	409433	
320573	409581	
320560	409087	
320558	409392	
320588	409921	
320532	409393	
320592	409211	
320574	410090	
320560	409227	
320615	409387	
320528	409708	
320480	409426	
320560	409744	
320518	408744	
320514	409682	
320543	409285	
320523	410416	
320529	410183	
320555	409621	
320560	409397	
320549	410379	
320561	409098	
320567	408827	
320512	409242	
320550	410134	
320567	409946	
320508	410201	
320593	409365	
320571	410068	
320627	409038	
320641	409669	
320618	409312	
320604	408581	
320574	409126	
320581	410089	
320598	409828	
320597	409220	
320632	409419	
320544	409336	
320607	409913	
320644	410053	
320610	409366	
320653	409388	
320595	409999	
320646	409440	
320669	409833	
320629	410242	
320648	409719	
320588	409281	
320637	409567	
320577	408903	
320579	408908	
320593	409092	
320507	409064	
320555	409278	
320600	409181	
320614	410520	
320644	409927	
320640	409929	
320650	409991	
320654	409404	
320529	410124	
320598	409729	
320548	410413	
320572	410400	
320586	409441	
320573	408833	
320595	409816	
320603	409022	
320650	409625	
320644	409447	
320629	409960	
320614	409419	
320599	409578	
320563	409669	
320646	408925	
320589	409942	
320564	410136	
320616	410380	
320622	409646	
320606	410567	
320624	409601	
320615	409667	
320609	409622	
320662	408946	
320559	409685	
320576	408613	
320575	409205	
320596	409851	
320599	409245	
320603	409498	
320616	409945	
320585	408743	
320595	410017	
320561	409655	
320621	408976	
320625	409277	
320651	409593	
320639	409681	
320646	409942	
320599	409808	
320625	409663	
320609	408731	
320576	409194	
320597	409478	
320631	409801	
320634	409709	
320646	409875	
320644	410050	
320694	409037	
320641	410188	
320626	409375	
320611	410195	
320606	410129	
320640	409731	
320605	409876	
320604	409018	
320639	409166	
320586	408898	
320589	409296	
320652	409025	
320618	409431	
320597	408554	
320595	409250	
320607	409719	
320588	410361	
320624	408961	
320560	409066	
320567	409854	
320549	408753	
320666	409281	
320626	410394	
320664	409734	
320687	409121	
320666	410045	
320672	409318	
320684	409697	
320672	409588	
320594	410012	
320624	407582	
320609	409160	
320570	409471	
320647	408130	
320589	410031	
320670	409790	
320641	409069	
320639	409671	
320668	409739	
320624	408708	
320620	410151	
320576	408542	
320558	409925	
320576	410225	
320531	409463	
320548	409666	
320586	409083	
320576	410103	
320626	409800	
320667	409519	
320637	409714	
320638	409201	
320643	410820	
320610	409715	
320594	409284	
320652	409839	
320633	409206	
320617	409455	
320597	409723	
320666	409198	
320658	408393	
320679	409412	
320628	409983	
320634	409310	
320641	409091	
320565	409632	
320612	409786	
320578	409772	
320634	409803	
320582	409960	
320613	409423	
320611	409786	
320628	409240	
320669	409870	
320617	409625	
320670	409084	
320643	410201	
320629	409679	
320610	410347	
320558	408605	
320545	409926	
320597	408805	
320583	408757	
320586	408798	
320582	410121	
320578	409012	
320623	408466	
320616	410185	
320660	408559	
320649	409554	
320670	409095	
320549	409898	
320521	409459	
320535	409366	
320598	410115	
320612	409579	
320598	408668	
320641	408723	
320614	409393	
320688	409549	
320714	409629	
320643	409211	
320670	409327	
320668	409979	
320650	409750	
320701	408954	
320649	410255	
320681	409371	
320652	409269	
320594	409580	
320594	410739	
320607	409995	
320657	408777	
320603	410077	
320606	410582	
320608	409555	
320655	409185	
320678	408696	
320635	409968	
320681	409720	
320658	409756	
320699	410263	
320646	409238	
320654	409256	
320689	409594	
320680	409396	
320671	408490	
320616	409597	
320656	410248	
320608	410549	
320653	408801	
320606	409637	
320558	409548	
320577	409873	
320611	409503	
320613	410146	
320568	409258	
320613	410139	
320651	410098	
320591	409997	
320651	410382	
320650	410036	
320671	409920	
320648	409693	
320636	409271	
320617	409078	
320564	409211	
320657	409416	
320665	409168	
320691	409319	
320672	409825	
320654	409741	
320685	410051	
320701	410256	
320668	409854	
320660	409782	
320622	409981	
320623	409698	
320658	409605	
320667	410198	
320691	408192	
320658	409820	
320656	409398	
320660	409781	
320712	409086	
320662	410135	
320676	409935	
320691	409119	
320654	409214	
320694	409924	
320655	408624	
320706	409060	
320666	409522	
320682	409958	
320742	409523	
320712	409267	
320733	409263	
320746	410582	
320733	410130	
320670	410329	
320644	409341	
320670	408590	
320639	409154	
320673	409708	
320659	409433	
320696	409146	
320660	408449	
320630	408796	
320669	409630	
320669	410010	
320659	409240	
320644	409780	
320672	409682	
320662	409196	
320683	409290	
320661	409335	
320615	410028	
320604	410156	
320681	410004	
320655	409602	
320636	410133	
320684	409833	
320676	409928	
320685	410111	
320688	409480	
320688	409304	
320647	410227	
320615	409890	
320662	409614	
320669	408560	
320656	409531	
320680	409890	
320639	410074	
320664	408859	
320672	410680	
320670	409102	
320661	410190	
320625	409581	
320638	409729	
320671	409392	
320648	409547	
320687	410140	
320728	409636	
320670	409848	
320710	410436	
320703	409523	
320734	410883	
320728	409637	
320683	409769	
320648	410418	
320666	409492	
320670	408686	
320659	409442	
320633	410148	
320630	410450	
320662	409702	
320659	408668	
320724	409391	
320699	408846	
320721	408628	
320688	410220	
320703	409565	
320714	409719	
320709	409937	
320681	409512	
320698	408794	
320637	409675	
320620	408703	
320626	409410	
320638	409828	
320686	408816	
320678	409177	
320760	409515	
320745	409840	
320713	411289	
320689	409634	
320678	409291	
320682	410360	
320702	408615	
320755	409688	
320710	410562	
320703	410164	
320720	409341	
320714	409688	
320691	409297	
320693	409857	
320716	410527	
320689	409024	
320738	409635	
320719	409362	
320705	409493	
320651	409349	
320653	408616	
320636	410403	
320696	410235	
320768	409699	
320723	410192	
320764	409956	
320741	410121	
320739	409875	
320715	410667	
320648	409699	
320697	409066	
320740	409107	
320686	409991	
320726	408912	
320730	409941	
320717	409883	
320797	409719	
320726	409552	
320775	408814	
320730	409355	
320732	409445	
320783	409262	
320765	410460	
320736	410020	
320686	409556	
320700	409453	
320730	409473	
320735	409501	
320737	408920	
320723	410152	
320716	408928	
320715	409414	
320743	409314	
320757	408956	
320700	409340	
320726	409925	
320738	409772	
320781	410455	
320728	408404	
320714	409985	
320748	409121	
320732	408943	
320737	409683	
320788	409670	
320750	410308	
320714	409560	
320736	409640	
320733	409602	
320670	409207	
320689	409519	
320676	409761	
320743	409244	
320724	408623	
320752	409506	
320760	409112	
320794	409338	
320799	409794	
320785	409986	
320721	409455	
320784	408922	
320740	409371	
320703	408896	
320775	409444	
320761	409868	
320749	409689	
320802	409628	
320736	410015	
320797	410043	
320788	410299	
320810	408993	
320747	409914	
320812	410011	
320774	410905	
320742	409818	
320749	410256	
320735	409527	
320690	410012	
320698	408691	
320723	408934	
320733	409409	
320744	409086	
320768	409072	
320803	409386	
320772	409528	
320741	409455	
320768	410206	
320785	409199	
320756	409893	
320746	409708	
320696	409070	
320736	410203	
320791	410441	
320737	409746	
320756	408842	
320763	409503	
320782	409603	
320792	409500	
320797	408709	
320734	408637	
320780	409630	
320667	409362	
320766	409877	
320761	409559	
320832	410352	
320789	408806	
320800	408994	
320780	409349	
320796	409855	
320749	410868	
320726	408926	
320753	409776	
320713	409630	
320674	410142	
320749	410615	
320728	409010	
320738	409086	
320755	409930	
320705	409061	
320760	409468	
320773	409407	
320761	409449	
320736	409579	
320733	409046	
320738	409261	
320721	410096	
320738	409896	
320736	409484	
320754	409701	
320771	410041	
320778	409352	
320729	408993	
320759	408403	
320758	410395	
320798	409278	
320780	409498	
320750	409089	
320786	410196	
320714	410335	
320747	409596	
320691	408954	
320751	409544	
320722	408902	
320733	410135	
320715	409527	
320778	409441	
320739	409587	
320747	409132	
320779	409788	
320761	410292	
320761	408645	
320756	409585	
320716	409861	
320741	409517	
320769	409157	
320767	409693	
320759	410780	
320725	409438	
320725	409468	
320760	409820	
320733	408883	
320749	409638	
320691	410108	
320783	410065	
320743	409247	
320786	409233	
320745	409515	
320731	410633	
320739	409204	
320782	409061	
320710	409694	
320785	408972	
320823	409488	
320775	409806	
320799	409602	
320751	409415	
320785	409003	
320739	409558	
320720	409285	
320771	408662	
320759	408695	
320723	409595	
320841	408349	
320775	409158	
320819	409417	
320765	409641	
320798	410641	
320774	409301	
320805	408721	
320803	409338	
320751	409762	
320789	409428	
320746	409876	
320721	409635	
320739	410080	
320771	409439	
320785	410268	
320810	410077	
320776	409962	
320774	409419	
320787	409200	
320747	409461	
320779	409186	
320825	409288	
320799	409553	
320815	409451	
320766	409850	
320772	409329	
320767	409832	
320834	409404	
320779	409273	
320802	410032	
320774	410110	
320772	408852	
320721	409535	
320749	409972	
320815	409697	
320786	408751	
320804	410298	
320825	409724	
320787	409189	
320788	409735	
320773	409324	
320838	409359	
320811	409279	
320841	409458	
320769	410376	
320847	410320	
320814	409704	
320751	410431	
320759	409732	
320790	409657	
320812	409627	
320835	409937	
320808	409633	
320829	409989	
320874	408728	
320816	409131	
320837	409738	
320816	409304	
320810	408930	
320730	409635	
320789	409768	
320816	409649	
320766	409678	
320828	409736	
320809	409517	
320797	409571	
320793	408891	
320775	409821	
320786	409638	
320775	409932	
320809	409363	
320787	409816	
320820	409120	
320789	410460	
320885	408560	
320848	408636	
320826	409904	
320745	410273	
320836	408982	
320824	410001	
320807	409838	
320772	409924	
320786	409832	
320832	409174	
320819	409718	
320818	408319	
320801	409846	
320750	409054	
320804	409997	
320837	409723	
320822	408972	
320873	408940	
320804	409435	
320817	410236	
320851	409454	
320806	409023	
320803	409248	
320778	408749	
320800	408511	
320813	409502	
320813	410308	
320813	409839	
320799	409908	
320826	409416	
320806	409270	
320835	410188	
320834	408953	
320790	409357	
320776	409033	
320807	410384	
320818	409724	
320836	409029	
320848	409910	
320833	409001	
320807	409032	
320855	410142	
320796	410364	
320803	410181	
320862	408874	
320853	408480	
320805	408556	
320785	409384	
320847	409019	
320803	409145	
320855	408943	
320830	409031	
320807	409245	
320803	409699	
320877	409450	
320881	409859	
320796	410460	
320815	408622	
320803	409774	
320794	409103	
320883	409048	
320833	409548	
320827	409290	
320800	409045	
320772	409715	
320793	409481	
320872	408768	
320809	410191	
320832	409466	
320826	409791	
320859	409828	
320824	408958	
320845	409572	
320834	409629	
320826	409338	
320805	409680	
320819	408810	
320789	408849	
320867	410215	
320878	409710	
320865	409728	
320817	409094	
320893	409535	
320805	409954	
320765	410214	
320821	410038	
320794	409137	
320837	408855	
320844	409975	
320847	409432	
320760	408761	
320728	409284	
320832	409354	
320775	409809	
320881	409646	
320897	409593	
320857	409609	
320840	409473	
320779	409284	
320803	408513	
320823	410040	
320832	409448	
320828	410070	
320789	410018	
320857	409340	
320812	409461	
320770	410468	
320803	409157	
320790	410587	
320787	409212	
320828	409763	
320774	410030	
320768	409591	
320788	409691	
320771	410326	
320830	409422	
320819	409110	
320810	409239	
320828	409494	
320768	410229	
320773	409618	
320820	408993	
320832	409269	
320804	409630	
320800	408335	
320744	409689	
320772	409257	
320793	409978	
320743	409204	
320835	409686	
320854	410050	
320808	409288	
320805	409753	
320814	409736	
320721	409673	
320812	410424	
320783	409873	
320806	409060	
320774	409649	
320787	409266	
320806	409262	
320822	409775	
320797	408505	
320842	410123	
320780	409607	
320766	409496	
320779	409637	
320796	409372	
320674	409526	
320756	409514	
320787	408717	
320784	409563	
320746	409571	
320802	409939	
320805	408879	
320797	409913	
320765	409507	
320754	409824	
320818	409352	
320783	409761	
320754	409570	
320761	409798	
320807	409902	
320798	409592	
320762	409602	
320843	409661	
320733	410039	
320845	409769	
320804	409487	
320804	410094	
320810	408823	
320822	409608	
320754	408187	
320753	409262	
320773	409899	
320722	408786	
320784	409386	
320780	409792	
320733	410092	
320797	409920	
320825	409633	
320793	409626	
320767	409553	
320796	410184	
320811	409685	
320768	409687	
320784	409755	
320770	409344	
320743	410597	
320791	408377	
320791	409463	
320799	409235	
320838	409374	
320854	410083	
320763	409725	
320810	408862	
320768	409833	
320774	409903	
320754	409327	
320789	409322	
320716	409075	
320727	409790	
320725	410528	
320825	409458	
320797	409323	
320790	408364	
320814	410213	
320775	408844	
320799	409907	
320845	409072	
320775	409919	
320759	409188	
320837	410344	
320815	408499	
320772	409484	
320807	409069	
320807	410061	
320789	410337	
320827	409764	
320761	409023	
320775	409418	
320785	410792	
320760	409115	
320755	408519	
320754	409891	
320713	408381	
320659	409184	
320706	409600	
320746	408982	
320763	409569	
320714	410343	
320782	409072	
320776	409329	
320799	409159	
320789	408479	
320799	409870	
320752	408792	
320723	408744	
320737	409412	
320802	409130	
320763	409245	
320780	408449	
320844	409095	
320754	409612	
320789	410003	
320791	409569	
320790	409793	
320816	409490	
320777	409842	
320779	409646	
320763	409532	
320763	409906	
320809	409964	
320825	409751	
320795	410417	
320824	409472	
320768	409824	
320762	409659	
320765	409722	
320741	409647	
320720	409518	
320754	409310	
320745	410156	
320771	410005	
320744	409453	
320792	410065	
320806	409968	
320734	409534	
320764	408625	
320810	410149	
320834	409078	
320784	409797	
320789	409653	
320787	409952	
320770	410836	
320702	409360	
320710	409276	
320732	408859	
320776	409036	
320820	409007	
320791	408887	
320828	408338	
320812	409270	
320811	409609	
320815	409556	
320763	409792	
320821	409314	
320722	409340	
320785	409727	
320767	409918	
320743	409981	
320785	410642	
320778	408849	
320769	409107	
320783	409814	
320760	408778	
320810	409072	
320772	408589	
320764	408758	
320760	409679	
320708	409378	
320734	408956	
320743	408805	
320753	409022	
320774	409926	
320813	409055	
320791	408903	
320778	408887	
320737	409782	
320785	409759	
320765	409561	
320793	409183	
320790	409305	
320764	410310	
320774	410404	
320764	409486	
320782	409520	
320732	407915	
320756	409025	
320771	410135	
320757	409981	
320741	409080	
320779	409250	
320739	410662	
320753	409300	
320783	408824	
320718	408796	
320754	408977	
320738	409077	
320752	408563	
320701	409256	
320742	408424	
320761	409196	
320763	409724	
320803	409916	
320765	409427	
320776	409066	
320771	410109	
320775	409914	
320761	409474	
320794	409590	
320787	409646	
320749	409884	
320726	409626	
320742	409616	
320779	409252	
320753	409405	
320766	410033	
320732	408698	
320729	409273	
320765	409231	
320744	410034	
320733	409116	
320733	410013	
320753	409370	
320784	408909	
320778	409637	
320714	409817	
320718	409494	
320746	409510	
320762	409505	
320738	407984	
320741	409730	
320773	409652	
320713	410393	
320727	409631	
320708	409433	
320657	409960	
320732	408922	
320719	410303	
320761	409412	
320747	409241	
320750	409717	
320747	409137	
320760	409574	
320748	410174	
320740	409941	
320714	409308	
320740	409110	
320698	409333	
320714	409662	
320722	409757	
320793	409879	
320818	410619	
320776	409793	
320753	409164	
320784	408824	
320764	409718	
320759	408887	
320696	409130	
320676	409206	
320763	410004	
320725	409806	
320709	409006	
320758	410124	
320724	409555	
320786	408835	
320749	409028	
320761	409675	
320707	410878	
320701	410445	
320753	409206	
320697	409532	
320748	410076	
320713	409776	
320761	408780	
320828	409335	
320756	408747	
320680	410145	
320747	409291	
320708	409643	
320672	408256	
320732	409482	
320688	409616	
320724	409807	
320727	409496	
320736	410081	
320697	409960	
320736	408488	
320730	409559	
320747	409409	
320742	409550	
320781	410200	
320756	409682	
320773	409286	
320754	409142	
320721	409675	
320722	409526	
320705	409218	
320692	409342	
320721	409138	
320690	409508	
320749	409495	
320776	409428	
320753	409924	
320737	409509	
320760	409381	
320752	409202	
320739	409902	
320712	409130	
320724	409335	
320722	409340	
320700	409698	
320685	409537	
320690	409753	
320642	409451	
320706	411354	
320704	408998	
320660	408540	
320674	409967	
320694	409078	
320756	409584	
320703	410247	
320718	409907	
320736	409021	
320711	409360	
320703	409489	
320697	409212	
320700	409812	
320700	408092	
320735	409224	
320707	409226	
320754	408890	
320717	409516	
320663	409242	
320674	409432	
320682	409503	
320684	409449	
320717	409917	
320714	409072	
320715	409381	
320680	409685	
320702	408545	
320718	409100	
320622	409651	
320685	409621	
320688	410566	
320700	409205	
320663	409938	
320638	410076	
320667	409922	
320707	408939	
320665	409921	
320697	409729	
320719	408943	
320701	409862	
320712	409345	
320682	409665	
320656	408893	
320711	409120	
320694	409136	
320689	409505	
320721	408813	
320714	409595	
320650	409270	
320662	410148	
320680	409279	
320598	410327	
320644	409534	
320651	409782	
320691	408583	
320707	410062	
320708	409757	
320656	409488	
320703	409228	
320701	409624	
320677	409897	
320718	409548	
320722	408985	
320699	409503	
320696	408606	
320705	409174	
320682	409500	
320690	409333	
320693	409767	
320727	409291	
320730	409199	
320680	409491	
320635	409764	
320716	409098	
320696	409337	
320676	408969	
320663	410018	
320706	409383	
320734	408990	
320684	410455	
320701	409769	
320654	409794	
320656	409612	
320639	409987	
320613	408129	
320707	409700	
320673	408731	
320647	410011	
320759	409233	
320728	409127	
320743	409913	
320743	409953	
320701	410075	
320692	408952	
320616	409321	
320671	410343	
320689	408987	
320637	409507	
320629	409913	
320657	408629	
320602	409719	
320645	410229	
320670	409141	
320641	409544	
320664	410376	
320654	409260	
320685	409500	
320680	410097	
320721	409520	
320698	410223	
320720	409113	
320695	409880	
320668	408601	
320667	409887	
320736	409817	
320688	409460	
320680	409314	
320698	409172	
320691	409414	
320672	409322	
320655	409722	
320667	409593	
320663	408898	
320700	408876	
320616	409204	
320665	409590	
320700	409917	
320665	409908	
320730	410435	
320699	409779	
320684	409781	
320684	409179	
320708	409953	
320682	409597	
320637	408678	
320627	409285	
320713	409148	
320646	409527	
320695	409045	
320738	410316	
320655	409250	
320684	409969	
320702	410240	
320704	409334	
320637	409214	
320605	409579	
320659	409153	
320666	409391	
320621	408939	
320624	410192	
320673	409195	
320721	408870	
320696	410644	
320740	409398	
320700	409681	
320709	409280	
320665	408941	
320688	408829	
320650	409467	
320636	410761	
320743	409990	
320676	409671	
320716	409727	
320713	409109	
320658	409731	
320657	409710	
320680	409586	
320654	409931	
320683	409083	
320700	409798	
320696	409608	
320712	408923	
320714	409302	
320665	409644	
320686	409826	
320686	408610	
320694	408919	
320693	409815	
320689	409867	
320727	409523	
320704	408340	
320759	409469	
320679	409827	
320722	409364	
320603	409228	
320603	410482	
320647	409496	
320646	408830	
320673	409045	
320697	410651	
320670	409415	
320742	408997	
320715	408978	
320717	408637	
320678	409422	
320692	409486	
320667	409087	
320631	409476	
320692	410201	
320631	408207	
320665	408632	
320632	409146	
320678	409443	
320696	409369	
320674	409457	
320675	409970	
320645	408685	
320690	409646	
320641	408810	
320696	410009	
320651	409926	
320636	409391	
320652	408549	
320685	409153	
320679	409335	
320691	409203	
320673	409966	
320666	409172	
320643	410988	
320693	409348	
320654	409860	
320653	409243	
320650	409966	
320698	409500	
320675	408889	
320702	410554	
320724	409446	
320686	409781	
320680	409996	
320715	408972	
320659	410314	
320725	410298	
320695	409477	
320664	409852	
320675	409825	
320623	409844	
320658	409519	
320602	409916	
320642	408624	
320678	408931	
320624	410591	
320643	409939	
320716	409491	
320700	410239	
320696	409250	
320672	409119	
320626	409336	
320685	409397	
320693	409219	
320615	409473	
320674	409762	
320719	409838	
320681	409352	
320696	409296	
320744	409620	
320648	409359	
320663	410168	
320677	409140	
320648	409553	
320636	409883	
320582	409358	
320664	409203	
320652	408620	
320623	409983	
320662	409120	
320663	409427	
320661	409521	
320662	409537	
320657	409924	
320629	409373	
320639	409481	
320670	409431	
320684	410357	
320634	409342	
320628	409591	
320662	408588	
320660	410193	
320677	409449	
320664	410174	
320686	409196	
320709	409704	
320700	409039	
320632	408656	
320633	409594	
320609	408895	
320591	409325	
320625	409122	
320614	409260	
320603	409634	
320584	409372	
320634	409638	
320652	408946	
320686	409307	
320691	409712	
320700	409794	
320746	409483	
320710	409011	
320687	409297	
320754	408060	
320744	409139	
320712	409632	
320691	409894	
320713	409451	
320710	410265	
320700	410205	
320641	409906	
320672	409875	
320673	409801	
320692	408773	
320711	409016	
320655	408956	
320655	409365	
320644	410053	
320641	409138	
320703	409568	
320656	409386	
320708	410410	
320731	409446	
320710	409222	
320684	411118	
320722	409842	
320706	409772	
320691	409816	
320720	409425	
320669	408967	
320666	408417	
320670	409705	
320677	409153	
320735	409184	
320747	409416	
320742	410098	
320758	409055	
320726	409355	
320733	409431	
320667	409778	
320680	410116	
320695	409120	
320656	408706	
320677	409806	
320688	409166	
320781	408702	
320748	409668	
320706	409888	
320669	409222	
320724	409543	
320720	409564	
320737	409765	
320720	409534	
320729	410184	
320688	409759	
320711	409314	
320745	409774	
320703	410161	
320730	409658	
320699	408869	
320676	409444	
320685	409354	
320678	410032	
320684	409459	
320700	409050	
320678	409074	
320720	409310	
320662	409044	
320678	409504	
320719	409455	
320708	410114	
320755	408809	
320720	409372	
320725	409278	
320758	409691	
320719	409789	
320696	409502	
320669	408850	
320688	409217	
320682	409207	
320728	408862	
320673	408646	
320643	409817	
320684	409632	
320722	408723	
320718	409943	
320756	408403	
320721	409367	
320680	409854	
320740	409071	
320739	409710	
320676	409036	
320648	408747	
320688	409515	
320664	409423	
320654	409033	
320715	410502	
320709	408803	
320734	409414	
320759	409079	
320708	410404	
320758	410231	
320773	409683	
320744	409256	
320695	409695	
320724	409974	
320750	409706	
320726	409236	
320760	409496	
320716	409062	
320730	409621	
320744	409128	
320733	409366	
320686	409474	
320706	409146	
320729	409183	
320686	408700	
320701	409943	
320696	409115	
320724	409233	
320717	410335	
320703	409534	
320769	410001	
320777	409472	
320699	409865	
320729	409341	
320703	409904	
320712	409357	
320674	409140	
320707	409364	
320705	409753	
320699	409623	
320691	409436	
320703	408898	
320739	409345	
320730	409142	
320721	409694	
320766	409336	
320688	409980	
320725	409745	
320725	408990	
320686	409765	
320680	409651	
320648	410181	
320690	408527	
320734	408530	
320727	409892	
320748	410659	
320740	409090	
320708	410614	
320791	408940	
320805	409757	
320760	409684	
320787	409877	
320732	409328	
320708	409632	
320749	409489	
320648	408721	
320763	409356	
320713	409534	
320757	409280	
320692	409790	
320742	409290	
320690	408635	
320702	409829	
320778	409333	
320755	409301	
320703	410359	
320707	408626	
320680	409313	
320739	410007	
320741	409266	
320784	411109	
320716	409805	
320752	408439	
320790	409432	
320777	409378	
320727	410227	
320752	408596	
320741	409693	
320759	409745	
320697	409774	
320717	409393	
320777	409722	
320754	409413	
320713	410183	
320782	409576	
320728	409307	
320777	408578	
320816	410284	
320751	410301	
320758	409923	
320736	408852	
320692	410014	
320705	408346	
320704	409439	
320729	409502	
320794	408748	
320746	408751	
320755	409612	
320792	410096	
320799	408728	
320846	409693	
320768	409242	
320745	409988	
320794	409269	
320723	409176	
320780	409895	
320733	409483	
320710	408979	
320719	409338	
320754	409533	
320720	409752	
320779	409077	
320762	408417	
320760	409615	
320744	408837	

 Comment
@