Version  	 2.0
 Type  	analog
 Azimut 	180
 Exceed 	40
 Alpha  	20
 Quantity of cycles 	500
 Quantity of strobes 	2001
 Strobe 	10
 Delay  	0
 Time begin 	15:23:43
 Time end   	15:24:19
 Data
318429	409456	
318500	409892	
318220	409564	
318577	408717	
318394	454240	
318358	416683	
318713	412311	
319579	407787	
319057	411458	
318817	410194	
318616	409102	
318367	409872	
318401	409171	
318426	410752	
318493	408427	
318474	409619	
318421	408751	
318332	408890	
318362	409812	
318406	410357	
318413	410331	
318405	409072	
318350	410236	
318311	409272	
318396	409914	
318402	408699	
318319	408978	
318310	409149	
318300	409374	
318361	410045	
318321	409646	
318343	409499	
318321	409006	
318385	409572	
318432	410128	
318406	411126	
318424	410172	
318370	409460	
318382	409507	
318391	409705	
318390	409563	
318443	408635	
318465	409523	
318438	410013	
318452	409058	
318486	409570	
318531	408621	
318537	409133	
318547	409779	
318565	409854	
318602	409493	
318587	408547	
318575	410761	
318561	409258	
318606	409546	
318563	409710	
318591	408906	
318557	409106	
318525	408908	
318561	409388	
318560	408973	
318567	409471	
318529	410191	
318564	409946	
318564	409486	
318587	409794	
318588	410580	
318612	409859	
318582	409869	
318598	410499	
318612	409782	
318624	408454	
318612	409585	
318630	409986	
318636	409391	
318625	409720	
318604	410740	
318564	409657	
318519	409368	
318555	409016	
318517	409319	
318571	409921	
318563	409440	
318587	410065	
318575	409474	
318538	410194	
318542	409420	
318536	409402	
318530	409386	
318526	409288	
318484	411123	
318494	408958	
318494	408644	
318521	410069	
318515	409708	
318500	409556	
318456	409220	
318523	408856	
318508	409274	
318511	409377	
318522	409581	
318457	408972	
318503	409120	
318527	409617	
318519	409655	
318512	409868	
318505	409781	
318497	409416	
318445	409514	
318472	409668	
318467	409442	
318479	408911	
318490	408820	
318483	410193	
318501	408818	
318472	410215	
318538	410113	
318486	408794	
318459	409859	
318523	409431	
318475	409954	
318528	409162	
318523	409682	
318502	409382	
318495	408523	
318461	409649	
318452	410394	
318456	410183	
318458	409292	
318415	409494	
318455	409615	
318456	408342	
318450	410165	
318454	409423	
318495	410939	
318507	410188	
318530	409853	
318480	409531	
318465	409793	
318511	408911	
318423	409510	
318455	409946	
318438	409417	
318380	409823	
318399	408688	
318422	409253	
318424	408666	
318380	408755	
318397	409548	
318454	409713	
318447	409868	
318464	409489	
318428	410806	
318467	408869	
318432	409137	
318462	409485	
318449	409119	
318439	409632	
318424	409431	
318446	410143	
318423	409257	
318440	409655	
318398	409808	
318424	410197	
318447	409874	
318439	409720	
318409	409451	
318386	409439	
318445	409127	
318401	409424	
318474	409420	
318448	408050	
318385	408826	
318439	409964	
318407	410865	
318432	409344	
318428	409747	
318389	410068	
318393	409684	
318386	409358	
318373	409252	
318398	409790	
318437	409153	
318405	409166	
318433	409255	
318423	409572	
318473	410195	
318481	410075	
318432	409699	
318425	410239	
318412	409282	
318404	409580	
318425	409158	
318379	409407	
318387	409490	
318380	409784	
318435	409975	
318395	409385	
318369	409401	
318374	409093	
318389	409528	
318390	409247	
318395	408791	
318343	409788	
318403	409925	
318377	411026	
318425	409847	
318380	409567	
318406	410171	
318388	409536	
318395	409358	
318351	408969	
318370	409690	
318318	409422	
318384	409464	
318413	409695	
318421	409514	
318365	409706	
318363	409527	
318423	409719	
318432	409187	
318420	410099	
318358	409272	
318379	409373	
318433	410466	
318371	409476	
318381	409883	
318386	409289	
318433	408926	
318371	408833	
318369	409241	
318327	409250	
318378	409018	
318348	409488	
318416	409978	
318392	410314	
318395	409064	
318412	409720	
318421	409694	
318442	410175	
318419	410085	
318456	410733	
318356	409054	
318333	408849	
318350	408902	
318361	408644	
318331	408718	
318375	409622	
318373	409605	
318336	409964	
318437	408578	
318379	409092	
318378	410232	
318375	410027	
318411	409822	
318377	408746	
318426	409482	
318390	408380	
318364	409658	
318362	410098	
318320	409294	
318378	409824	
318318	409550	
318349	409422	
318363	409360	
318315	408871	
318419	409194	
318362	408656	
318389	409047	
318322	409458	
318399	409170	
318379	408855	
318366	408999	
318380	408876	
318420	409442	
318406	409194	
318368	409405	
318358	409158	
318346	409091	
318314	409740	
318359	410279	
318346	409266	
318318	409047	
318334	408103	
318360	409593	
318329	410499	
318402	410027	
318363	409611	
318403	408550	
318383	409275	
318375	409699	
318353	408983	
318337	408994	
318345	409577	
318382	409184	
318321	408811	
318342	409654	
318381	408352	
318334	410063	
318376	409786	
318345	409801	
318399	408963	
318379	408806	
318366	408485	
318327	409674	
318374	409576	
318387	409394	
318404	408433	
318365	410335	
318376	408574	
318302	409494	
318384	408643	
318369	408820	
318381	408231	
318306	409654	
318337	409401	
318390	410223	
318369	409736	
318414	409384	
318376	409042	
318393	409356	
318361	409130	
318386	409757	
318369	409613	
318339	409162	
318406	408809	
318374	410040	
318355	410394	
318388	409860	
318365	409356	
318406	409383	
318367	409189	
318384	409386	
318379	409521	
318338	408892	
318357	409029	
318366	408890	
318379	408835	
318391	409162	
318395	409171	
318363	408994	
318363	410836	
318354	409639	
318326	409817	
318389	410202	
318331	408980	
318345	409156	
318347	408890	
318382	409771	
318312	408251	
318371	409529	
318362	408604	
318403	409637	
318401	409518	
318367	409640	
318374	410273	
318335	409813	
318351	409309	
318374	410675	
318366	409152	
318380	409688	
318326	408809	
318366	410088	
318336	409342	
318344	409938	
318338	409145	
318374	408857	
318348	409461	
318413	408996	
318364	409775	
318382	409123	
318349	409818	
318412	408994	
318418	408846	
318341	409669	
318371	409335	
318352	410116	
318387	411558	
318411	408300	
318358	409991	
318366	409121	
318367	409066	
318365	408974	
318338	409581	
318388	408829	
318399	409657	
318384	411089	
318408	409658	
318414	410219	
318349	409127	
318325	409753	
318359	410040	
318348	409198	
318348	409086	
318299	408976	
318304	409092	
318279	410087	
318357	409499	
318355	409771	
318397	408827	
318360	409134	
318390	410098	
318360	408833	
318396	409782	
318394	409488	
318341	409454	
318369	409241	
318421	409811	
318353	409484	
318377	409290	
318414	409443	
318325	410069	
318353	408142	
318379	408475	
318288	409558	
318349	408945	
318340	409738	
318343	408985	
318359	408909	
318359	410278	
318359	408945	
318379	409380	
318384	409227	
318336	409225	
318341	409911	
318356	409037	
318341	408871	
318293	408870	
318365	410444	
318378	409789	
318325	409286	
318348	409255	
318348	409190	
318328	409979	
318299	409203	
318349	408967	
318387	410666	
318314	409745	
318338	409350	
318395	409007	
318397	409618	
318407	409884	
318460	410114	
318323	409461	
318316	409915	
318333	409502	
318363	409209	
318360	409357	
318384	409691	
318374	409487	
318349	409886	
318401	408548	
318420	409901	
318467	408930	
318353	409172	
318365	409459	
318318	409406	
318385	408957	
318353	409237	
318359	409955	
318363	410378	
318341	410073	
318366	410244	
318368	409550	
318346	409669	
318351	408896	
318385	408682	
318350	410368	
318358	409619	
318370	408530	
318423	408889	
318386	409365	
318388	408930	
318349	408741	
318407	408648	
318400	409837	
318388	409533	
318398	409278	
318357	408842	
318413	409156	
318376	410143	
318341	409483	
318384	409557	
318446	408160	
318385	409054	
318423	408658	
318358	409017	
318426	409178	
318434	408624	
318378	409642	
318452	409198	
318419	409549	
318415	409970	
318410	408950	
318324	410292	
318357	409364	
318323	409351	
318350	410453	
318397	409404	
318379	409354	
318306	408670	
318372	409150	
318347	409543	
318398	409224	
318401	410201	
318368	409331	
318394	409749	
318371	408576	
318372	409280	
318387	409051	
318388	409547	
318385	408592	
318388	408865	
318438	409946	
318384	410062	
318338	408695	
318347	409960	
318409	408900	
318381	409448	
318373	408993	
318394	408777	
318468	409734	
318417	408440	
318370	410157	
318402	409902	
318441	409372	
318435	409761	
318406	409810	
318422	408942	
318415	409335	
318403	409847	
318423	409499	
318385	409923	
318418	409991	
318369	409970	
318415	409978	
318384	410140	
318410	409481	
318403	409404	
318411	409549	
318443	409288	
318401	409227	
318438	409610	
318439	409008	
318394	409907	
318421	409387	
318343	409250	
318366	408815	
318378	409516	
318438	408976	
318396	408511	
318360	408717	
318415	408707	
318421	409017	
318386	409812	
318453	409664	
318441	409574	
318391	408701	
318453	408621	
318449	408925	
318386	408974	
318420	410122	
318423	408891	
318310	409479	
318401	409331	
318399	409226	
318410	408710	
318439	408338	
318391	408635	
318396	408637	
318426	409093	
318384	408898	
318406	409736	
318443	410005	
318425	408693	
318382	410015	
318422	409323	
318429	410358	
318433	408663	
318434	408577	
318393	409354	
318392	409431	
318382	408675	
318381	409171	
318381	409017	
318386	409377	
318405	409655	
318403	409921	
318399	409113	
318431	410408	
318444	408882	
318435	408739	
318420	408538	
318432	409347	
318435	410076	
318380	409050	
318459	409684	
318421	408662	
318394	409608	
318364	409333	
318355	409662	
318342	409201	
318401	409234	
318421	408752	
318432	409954	
318440	409666	
318501	409081	
318325	409033	
318349	409610	
318393	410217	
318441	409284	
318410	409443	
318453	409484	
318360	409427	
318383	408714	
318407	409101	
318409	409804	
318345	409354	
318388	409585	
318388	408649	
318424	408744	
318423	408728	
318387	409994	
318407	409175	
318409	409361	
318394	408468	
318411	408730	
318421	410408	
318392	409552	
318414	409566	
318396	409686	
318460	408646	
318426	408944	
318421	409144	
318417	408973	
318393	409216	
318411	408899	
318435	408535	
318467	408867	
318441	409048	
318451	409739	
318424	409104	
318451	409667	
318442	409269	
318388	410093	
318429	410070	
318402	409448	
318344	408512	
318396	409749	
318361	408423	
318415	409368	
318456	408653	
318455	409391	
318431	410320	
318364	407759	
318422	409608	
318455	409048	
318449	409004	
318408	408963	
318435	409457	
318411	408688	
318404	408948	
318469	409058	
318449	410060	
318400	410177	
318392	409218	
318420	409043	
318375	409860	
318388	408750	
318451	408917	
318393	409577	
318438	408807	
318471	408442	
318427	410143	
318475	409501	
318490	409378	
318460	409967	
318460	409570	
318458	409696	
318477	409432	
318428	409368	
318453	409703	
318450	408365	
318407	408859	
318390	409427	
318406	410126	
318403	408987	
318378	408769	
318430	409042	
318477	409348	
318435	408797	
318464	408762	
318489	409118	
318418	409684	
318483	409742	
318437	409768	
318422	410251	
318474	410761	
318428	408475	
318433	409359	
318418	409423	
318397	409325	
318442	410016	
318447	408972	
318467	409491	
318429	409090	
318490	409260	
318445	408934	
318496	408979	
318447	409613	
318426	409053	
318439	410037	
318415	409435	
318464	409818	
318487	409994	
318441	408572	
318429	409279	
318425	409618	
318434	409276	
318409	409523	
318455	409827	
318425	410631	
318457	409202	
318408	409723	
318430	409083	
318482	409481	
318462	409812	
318524	408795	
318467	409549	
318451	409982	
318469	409252	
318476	409502	
318520	409821	
318468	409590	
318487	409676	
318446	408602	
318439	409132	
318402	409607	
318417	409181	
318477	409010	
318468	408921	
318461	410389	
318491	409050	
318522	408361	
318508	409973	
318516	408989	
318443	408977	
318491	409601	
318465	409769	
318438	409447	
318416	409123	
318440	408837	
318422	409413	
318485	408905	
318429	409848	
318469	409878	
318446	409548	
318499	409918	
318476	409148	
318486	410284	
318473	408872	
318496	409000	
318536	409212	
318497	409051	
318446	409873	
318469	409935	
318494	409220	
318454	409940	
318424	409511	
318444	409213	
318395	408832	
318481	408964	
318476	409654	
318471	409043	
318452	409138	
318488	409402	
318505	409056	
318486	410106	
318483	409823	
318503	409521	
318482	409871	
318481	409500	
318493	409418	
318460	409771	
318453	410179	
318458	409601	
318493	408827	
318438	409738	
318474	408937	
318542	408974	
318473	409503	
318471	408943	
318444	408439	
318487	409033	
318536	410072	
318516	408926	
318491	408816	
318461	408382	
318468	408837	
318475	409479	
318541	409333	
318517	408641	
318441	408369	
318481	409088	
318418	409541	
318494	409009	
318518	408661	
318517	408663	
318511	410350	
318492	409422	
318486	409614	
318479	410341	
318507	409408	
318509	409277	
318526	409532	
318475	409328	
318457	409258	
318516	409344	
318492	409411	
318523	409909	
318545	409456	
318497	408889	
318507	409384	
318481	409011	
318524	409492	
318490	409647	
318487	410254	
318510	409072	
318476	408507	
318486	409546	
318497	409542	
318485	409965	
318478	409464	
318503	409248	
318499	409501	
318485	409735	
318488	409110	
318465	409102	
318461	408552	
318500	408683	
318462	409146	
318474	409689	
318527	409601	
318518	409382	
318486	409495	
318497	409785	
318472	409832	
318579	409696	
318502	409837	
318521	409121	
318492	409302	
318515	410100	
318548	409614	
318493	409055	
318498	409812	
318528	408807	
318547	408998	
318507	408829	
318509	408468	
318537	409192	
318534	409802	
318526	409654	
318517	409532	
318535	409781	
318515	410060	
318525	410290	
318519	409734	
318478	409761	
318504	409125	
318440	409684	
318452	409439	
318530	408643	
318489	409201	
318508	409785	
318532	409672	
318550	409356	
318521	408957	
318509	409248	
318516	409003	
318548	409629	
318542	409293	
318577	409020	
318526	409011	
318579	409278	
318573	409887	
318547	408836	
318499	409455	
318453	409187	
318478	409611	
318480	409968	
318459	409218	
318490	408943	
318483	409132	
318516	409275	
318498	408990	
318535	408880	
318509	409637	
318520	409200	
318504	409752	
318496	410079	
318536	409437	
318476	409814	
318505	409413	
318486	409403	
318522	408999	
318477	409686	
318537	408909	
318503	409190	
318525	408810	
318515	409808	
318502	409437	
318508	409459	
318590	410001	
318589	409486	
318546	409305	
318532	409344	
318519	408932	
318543	409994	
318506	409715	
318527	409214	
318511	409633	
318524	408629	
318511	408054	
318510	409065	
318535	408859	
318516	408565	
318538	408962	
318524	408953	
318504	410073	
318543	410047	
318593	409131	
318573	408476	
318528	408956	
318542	410029	
318522	409788	
318568	409578	
318545	409252	
318520	409135	
318472	409132	
318482	408471	
318526	408307	
318520	408275	
318495	409913	
318449	410449	
318539	410132	
318592	409442	
318589	409702	
318539	409287	
318532	410618	
318499	409482	
318570	408808	
318563	408613	
318493	409059	
318493	409228	
318501	409904	
318553	409397	
318522	409566	
318475	408731	
318496	410163	
318522	409004	
318539	409787	
318519	408641	
318518	408815	
318546	408556	
318528	409077	
318536	409362	
318578	409237	
318528	409991	
318530	409542	
318547	409263	
318514	409583	
318501	408935	
318560	409384	
318517	409308	
318569	409436	
318499	408735	
318478	409427	
318525	410058	
318577	409308	
318567	409053	
318559	410067	
318552	408734	
318543	408591	
318534	408823	
318558	408862	
318525	408623	
318529	409372	
318532	409944	
318550	409840	
318517	409382	
318512	409785	
318559	409005	
318551	409313	
318547	409173	
318489	408860	
318512	409008	
318585	409146	
318592	409632	
318562	408971	
318569	410035	
318608	408793	
318543	410797	
318535	409400	
318473	409388	
318520	409286	
318554	408828	
318512	409892	
318527	409360	
318540	410101	
318568	409021	
318546	409117	
318485	409446	
318513	409276	
318569	409228	
318620	408819	
318567	408991	
318575	409453	
318566	409167	
318542	409269	
318523	409953	
318528	408565	
318545	409086	
318473	409788	
318548	409261	
318556	409616	
318529	409550	
318591	408873	
318543	408614	
318544	408930	
318548	409023	
318561	409385	
318481	409177	
318540	409297	
318553	409874	
318544	409292	
318581	408558	
318577	409330	
318532	408405	
318535	409294	
318562	409711	
318528	408594	
318523	408593	
318534	409698	
318539	409384	
318563	409437	
318615	408538	
318574	409052	
318595	409344	
318612	409682	
318621	409537	
318584	410486	
318614	408985	
318544	408863	
318571	409431	
318508	409188	
318565	409647	
318524	409632	
318553	409581	
318530	409560	
318579	408179	
318567	408893	
318528	409124	
318573	409148	
318547	409288	
318521	408736	
318528	409891	
318598	408474	
318557	409161	
318554	408937	
318564	409671	
318548	409546	
318526	409512	
318558	408406	
318575	407676	
318576	409767	
318568	409212	
318554	409179	
318541	408848	
318575	409259	
318538	409598	
318596	408556	
318594	409877	
318557	410229	
318608	409332	
318562	408824	
318516	410576	
318604	409234	
318561	409045	
318522	409384	
318502	409443	
318513	409363	
318494	409498	
318496	408626	
318552	409981	
318521	408708	
318583	408900	
318592	408926	
318614	408632	
318573	409418	
318564	410363	
318563	409213	
318579	409697	
318552	408750	
318584	409100	
318548	408865	
318512	408865	
318494	409011	
318565	408633	
318539	409540	
318581	409044	
318590	409379	
318618	408725	
318552	409466	
318620	409282	
318581	409250	
318533	409318	
318586	409119	
318600	408909	
318556	409366	
318500	409698	
318548	408797	
318511	409381	
318528	408643	
318556	410018	
318550	409646	
318583	409075	
318593	409227	
318612	408626	
318554	409945	
318554	409463	
318562	409626	
318588	409235	
318591	409307	
318560	409838	
318529	408612	
318578	409573	
318581	408631	
318567	408450	
318533	409803	
318575	408872	
318530	408985	
318496	409274	
318540	409191	
318576	408582	
318534	409656	
318578	409584	
318532	409638	
318559	408843	
318599	409278	
318591	409142	
318653	408254	
318583	409603	
318543	408959	
318471	409497	
318547	408731	
318560	408674	
318538	410274	
318536	409364	
318506	408666	
318547	408772	
318521	408261	
318527	409715	
318559	408504	
318594	408870	
318522	409161	
318553	409234	
318603	409556	
318579	408888	
318563	409101	
318482	409337	
318541	408683	
318519	408097	
318574	409029	
318514	408626	
318570	408630	
318553	408473	
318499	409103	
318571	410209	
318584	408830	
318504	409338	
318555	409406	
318557	409821	
318585	408351	
318623	409280	
318599	409070	
318568	409084	
318599	409740	
318534	409283	
318519	409662	
318510	409650	
318569	408597	
318566	408811	
318502	409714	
318520	408506	
318464	409859	
318512	408541	
318529	409714	
318551	409845	
318550	410359	
318527	409053	
318587	409669	
318564	409476	
318576	408602	
318575	409125	
318524	409889	
318530	410021	
318546	409641	
318510	409172	
318528	408840	
318541	409469	
318548	409001	
318536	409223	
318555	409545	
318550	409655	
318560	409302	
318578	409294	
318539	408491	
318571	409043	
318548	409965	
318540	409186	
318574	409269	
318568	409759	
318535	409637	
318562	408627	
318513	409450	
318575	408085	
318569	409042	
318604	409888	
318604	408836	
318561	409577	
318567	409187	
318545	409218	
318562	408941	
318514	410028	
318566	408940	
318571	409035	
318554	409718	
318589	409488	
318573	408596	
318562	409819	
318552	408949	
318534	408945	
318499	409199	
318520	409180	
318528	409371	
318530	408695	
318592	409091	
318557	409607	
318509	408143	
318514	408850	
318519	409691	
318601	409603	
318535	409128	
318548	408991	
318508	409786	
318511	408928	
318494	409410	
318507	409720	
318505	409318	
318498	409470	
318549	409168	
318493	409616	
318531	408897	
318523	410329	
318520	409089	
318580	409085	
318556	409440	
318561	408891	
318515	408680	
318597	409073	
318534	408537	
318514	409764	
318533	409374	
318495	409391	
318487	409584	
318525	408374	
318509	409105	
318526	408815	
318482	408608	
318501	408578	
318518	409437	
318565	409635	
318600	409664	
318582	409566	
318596	409745	
318590	409052	
318527	409825	
318555	409474	
318609	409330	
318559	409501	
318541	409177	
318496	409509	
318512	409118	
318480	409397	
318496	409426	
318528	409208	
318497	410177	
318568	410451	
318548	409535	
318499	409076	
318561	409560	
318547	409443	
318523	409821	
318491	409646	
318524	409781	
318531	408911	
318576	408917	
318502	409570	
318461	408550	
318439	408629	
318493	409292	
318516	408913	
318533	408879	
318554	408776	
318482	408981	
318526	409149	
318501	409073	
318542	409845	
318524	409800	
318483	409173	
318532	410009	
318539	409033	
318500	408721	
318509	408611	
318470	409027	
318502	409302	
318542	409297	
318501	409216	
318521	408609	
318540	408265	
318544	408932	
318494	409399	
318490	409062	
318494	409356	
318487	408971	
318506	409295	
318533	409713	
318499	409902	
318504	409828	
318590	409095	
318524	409487	
318529	409211	
318491	408862	
318465	409733	
318531	409431	
318573	408567	
318535	409135	
318488	408955	
318519	409685	
318527	409510	
318567	409395	
318530	409224	
318495	410360	
318535	408852	
318565	408700	
318503	410065	
318504	409278	
318462	408998	
318526	409502	
318493	408342	
318504	409540	
318504	409405	
318515	409795	
318511	409675	
318506	409301	
318523	409151	
318516	409454	
318508	409158	
318537	408941	
318509	408822	
318507	408962	
318510	410163	
318475	409978	
318493	409248	
318483	408595	
318440	410047	
318529	409123	
318497	409101	
318434	409252	
318441	409727	
318512	409748	
318506	408521	
318573	408974	
318518	408565	
318485	409337	
318561	409656	
318581	409261	
318554	408824	
318458	409340	
318455	409390	
318569	409351	
318501	408545	
318491	409648	
318503	408834	
318455	409628	
318504	409524	
318517	408680	
318514	409302	
318502	408519	
318518	409494	
318564	409464	
318544	409447	
318521	409640	
318495	408773	
318524	410318	
318532	409458	
318511	408359	
318493	409192	
318458	408722	
318483	408470	
318470	408476	
318494	409192	
318539	409478	
318480	409685	
318499	408964	
318522	409186	
318490	409685	
318555	408897	
318524	409172	
318547	409330	
318505	408807	
318493	409406	
318523	408616	
318512	408765	
318496	409111	
318481	409712	
318467	410285	
318442	408963	
318548	409598	
318515	408706	
318508	409590	
318540	408996	
318520	409160	
318557	408345	
318500	409225	
318457	409391	
318475	409292	
318487	409937	
318479	409378	
318554	408899	
318463	409297	
318510	409623	
318519	409692	
318464	409159	
318458	409160	
318391	408337	
318407	409911	
318451	408424	
318492	409988	
318490	409471	
318478	409818	
318533	408732	
318509	408783	
318525	408670	
318531	410735	
318521	409638	
318524	410350	
318518	408927	
318449	408717	
318469	409355	
318450	408925	
318462	408697	
318516	409725	
318520	408353	
318469	409097	
318496	409448	
318526	409604	
318518	408536	
318439	408928	
318441	409095	
318441	409317	
318498	409318	
318523	408711	
318454	409411	
318463	409178	
318428	409111	
318432	409625	
318425	408844	
318436	408847	
318447	408668	
318444	409663	
318429	410034	
318480	408737	
318433	409054	
318472	408972	
318423	409223	
318446	408843	
318494	409878	
318517	408937	
318518	408899	
318474	408511	
318455	409396	
318527	409351	
318472	410053	
318418	408667	
318431	410532	
318478	409330	
318436	409303	
318487	409064	
318474	410382	
318437	408823	
318447	408898	
318435	408959	
318477	409338	
318475	409220	
318470	410052	
318487	408658	
318476	408989	
318463	409076	
318438	409087	
318441	408906	
318456	409641	
318482	408715	
318376	409343	
318460	409068	
318420	408969	
318464	409269	
318506	410291	
318471	408979	
318441	408986	
318453	408133	
318416	408720	
318475	409966	
318494	409014	
318463	408975	
318432	409599	
318416	408546	
318459	409538	
318478	408236	
318441	409267	
318443	408769	
318464	409737	
318467	408810	
318418	409131	
318479	408930	
318459	408411	
318442	410152	
318491	409725	
318464	409091	
318437	408921	
318452	410492	
318497	409695	
318474	409421	
318417	409176	
318463	409136	
318411	409800	
318418	409425	
318431	408577	
318470	408873	
318438	409343	
318492	409628	
318484	409113	
318440	409346	
318485	409375	
318423	408564	
318420	409108	
318423	409291	
318466	409545	
318456	409384	
318428	409158	
318467	409528	
318428	409435	
318428	409240	
318454	409121	
318427	409475	
318436	408995	
318483	409098	
318504	409004	
318428	409667	
318470	409721	
318414	409120	
318478	409449	
318458	409440	
318451	409780	
318449	409932	
318446	409730	
318469	409062	
318495	409021	
318404	408489	
318432	408980	
318389	409469	
318427	409284	
318409	408513	
318434	409188	
318432	409750	
318495	409316	
318464	408676	
318453	409229	
318504	409976	
318481	408994	
318491	410066	
318519	408771	
318479	409421	
318438	409290	
318483	408669	
318463	408714	
318462	407646	
318472	409294	
318410	409253	
318486	409870	
318503	408047	
318476	408699	
318417	409027	
318419	409145	
318495	409662	
318459	409567	
318497	408646	
318500	409411	
318462	408486	
318481	408627	
318446	408483	
318488	408657	
318396	409283	
318444	409228	
318437	408776	
318408	408609	
318476	408845	
318452	409339	
318462	408730	
318451	409258	
318483	409179	
318447	409354	
318445	410125	
318457	408830	
318451	408930	
318477	409864	
318471	409461	
318462	409332	
318462	409809	
318487	409409	
318449	408689	
318454	409346	
318455	408556	
318432	408019	
318438	408567	
318391	409057	
318430	408933	
318476	409506	
318444	410141	
318491	409801	
318450	408831	
318468	409120	
318490	408977	
318473	409941	
318480	408827	
318458	409190	
318468	409314	
318438	409039	
318451	408807	
318406	409059	
318408	409493	
318423	409173	
318473	408547	
318451	409435	
318492	409765	
318441	409507	
318472	408661	
318440	410123	
318528	409137	
318449	410739	
318471	409267	
318410	409978	
318437	409694	
318379	409317	
318418	408814	
318448	409155	
318468	409509	
318437	409140	
318417	408421	
318406	408919	
318459	409340	
318428	410146	
318411	410239	
318472	409319	
318499	409741	
318507	409587	
318471	409698	
318419	410037	
318458	409018	
318465	408613	
318403	409107	
318382	409045	
318426	408634	
318453	408931	
318438	408188	
318436	409781	
318433	408719	
318458	409834	
318464	409148	
318460	410265	
318429	409377	
318446	409384	
318443	410158	
318482	409883	
318499	409192	
318468	409508	
318427	409228	
318457	409336	
318472	409025	
318437	408445	
318419	409691	
318455	410067	
318488	408653	
318481	409634	
318485	409326	
318512	410209	
318465	408875	
318479	409663	
318515	409224	
318448	410165	
318408	409999	
318437	408412	
318366	409088	
318429	408867	
318436	408468	
318463	409095	
318444	408683	
318416	408887	
318388	409461	
318459	408989	
318486	409108	
318479	409818	
318469	409055	
318452	409335	
318399	408660	
318430	409379	
318487	409828	
318447	408581	
318465	409044	
318437	408822	
318385	409896	
318380	408368	
318425	410528	
318439	408428	
318482	409573	
318473	410260	
318525	408958	
318496	409835	
318487	408506	
318432	409197	
318413	409561	
318487	409310	
318472	408891	
318476	409304	
318445	409827	
318466	409773	
318457	409939	
318449	408470	
318504	410215	
318452	409278	
318424	409169	
318466	408877	
318480	408720	
318490	409697	
318500	409045	
318493	408920	
318438	409029	
318427	409620	
318479	409999	
318480	409627	
318460	409394	
318474	408914	
318480	409172	
318414	409149	
318417	408352	
318448	409838	
318435	409192	
318410	409713	
318458	409834	
318476	409838	
318446	409506	
318454	409404	
318443	409004	
318463	409450	
318502	409355	
318435	408918	
318478	409963	
318467	410082	
318434	409208	
318452	409562	
318479	409091	
318427	409983	
318417	409478	
318430	409287	
318459	409417	
318448	409010	
318486	409263	
318487	410699	
318496	409989	
318466	409220	
318458	408570	
318462	408530	
318483	409269	
318522	409352	
318442	409576	
318497	409101	
318464	408725	
318467	408507	
318432	409123	
318386	408193	
318367	408642	
318423	407751	
318419	408384	
318473	409747	
318483	409109	
318458	409663	
318468	408780	
318450	408953	
318496	409424	
318488	409873	
318476	408448	
318459	409014	
318447	409582	
318435	409270	
318417	410463	
318505	409226	
318423	408696	
318474	409962	
318484	409659	
318501	408661	
318501	408010	
318439	409819	
318399	409009	
318442	408824	
318485	409579	
318509	409915	
318518	409260	
318452	409576	
318499	409787	
318492	409424	
318415	409219	
318421	408394	
318396	409799	
318453	409549	
318434	409074	
318492	409439	
318460	408692	
318497	409025	
318463	409182	
318488	409231	
318459	408547	
318452	409735	
318482	408899	
318432	408984	
318523	409782	
318475	408743	
318502	409270	
318465	409807	
318451	410360	
318461	408654	
318452	409091	
318481	408378	
318413	409159	
318510	409577	
318495	409817	
318434	408982	
318521	408614	
318459	408211	
318507	409452	
318482	409238	
318472	409067	
318464	409388	
318471	409482	
318443	409352	
318482	408440	
318460	409157	
318495	408921	
318466	409694	
318490	409773	
318473	408791	
318445	409867	
318490	409439	
318509	409523	
318481	409495	
318476	409372	
318474	409026	
318470	409872	
318479	409206	
318459	408750	
318480	409310	
318431	409413	
318473	408495	
318482	409352	
318504	408975	
318487	409539	
318484	409314	
318459	409079	
318476	409467	
318515	409511	
318510	408913	
318512	408622	
318499	409901	
318466	408479	
318478	408772	
318472	408944	
318499	409406	
318486	409818	
318481	409538	
318471	408760	
318454	408946	
318421	408712	
318402	408537	
318428	408574	
318460	408353	
318488	409029	
318506	409204	
318502	409023	
318490	409005	
318513	409487	
318493	408872	
318497	410415	
318534	409476	
318464	409429	
318477	408947	
318495	408969	
318480	409024	
318479	409355	
318470	408679	
318505	408676	
318488	409210	
318479	409296	
318487	408602	
318502	409642	
318464	409063	
318504	409761	
318467	409211	
318476	408850	
318520	408924	
318495	408137	
318506	409914	
318498	408980	
318479	409877	
318518	409230	
318450	409593	
318461	409004	
318469	409471	
318517	409094	
318526	409878	
318536	409467	
318504	409153	
318526	409162	
318505	408726	
318500	409588	
318533	408001	
318502	408992	
318512	408793	
318486	408668	
318535	409102	
318497	408829	
318500	408642	
318430	408232	
318484	408641	
318478	408941	
318484	408833	
318516	407691	
318555	410304	
318509	407945	
318504	409422	
318572	408808	
318510	408879	
318537	409248	
318514	408901	
318499	409096	
318448	408968	
318563	409963	
318492	409391	
318468	410325	
318498	409396	
318508	408780	
318483	409554	
318522	408885	
318512	408853	
318492	409495	
318553	408390	
318516	409593	
318545	408787	
318551	409227	
318474	409840	
318508	410044	
318496	410245	
318499	407991	
318467	409227	
318474	409552	
318495	409044	
318501	409369	
318426	409727	
318511	409092	
318476	409292	
318533	409493	
318448	409831	
318508	408830	
318517	410130	
318484	409581	
318533	408620	
318546	409362	
318542	409038	
318516	409549	
318565	409489	
318572	408049	
318525	409882	
318520	409316	

 Comment
@