Version  	 2.0
 Type  	analog
 Azimut 	180
 Exceed 	40
 Alpha  	20
 Quantity of cycles 	500
 Quantity of strobes 	2001
 Strobe 	10
 Delay  	0
 Time begin 	17:15:53
 Time end   	17:16:18
 Data
310086	419814	
310083	421175	
309748	420357	
310159	420768	
310116	465570	
309905	427045	
311065	423780	
317876	419974	
313112	420539	
312132	421128	
311611	420316	
310744	420061	
310515	421255	
310428	421803	
310301	419766	
310194	420712	
310112	419706	
309990	420920	
310067	420394	
310093	420661	
310112	420532	
310081	420269	
309999	421498	
309981	421000	
309986	420364	
309986	420751	
309919	420551	
309935	421007	
309940	420901	
309929	420967	
309925	420790	
309960	420314	
309971	419620	
309977	420787	
310025	420417	
310057	420111	
310040	421081	
310081	420898	
310138	421115	
310086	421189	
310114	420759	
310172	421017	
310124	420450	
310086	421030	
310132	420524	
310189	420852	
310220	420504	
310234	420985	
310220	420241	
310255	420492	
310260	420145	
310253	420436	
310258	420295	
310226	421277	
310253	419816	
310229	420233	
310263	420490	
310234	421284	
310222	419036	
310226	421236	
310203	420742	
310238	420894	
310241	420115	
310224	421250	
310184	420548	
310223	420850	
310205	420470	
310215	420542	
310213	420771	
310211	420581	
310209	420337	
310240	420996	
310223	420592	
310197	420826	
310202	420895	
310196	419545	
310132	420969	
310138	420496	
310160	420577	
310148	419285	
310164	420564	
310114	418973	
310161	420891	
310174	420071	
310167	421578	
310224	420522	
310222	420685	
310116	422085	
310209	420653	
310162	420005	
310155	420849	
310139	420861	
310092	420834	
310071	421221	
310115	421284	
310112	420879	
310078	421112	
310112	420089	
310100	421071	
310170	420710	
310172	419970	
310134	420589	
310097	420390	
310100	421318	
310083	419972	
310055	420439	
310088	420806	
310113	420724	
310127	420382	
310103	420696	
310070	420141	
310068	420842	
310084	420532	
310066	420604	
310028	420829	
310084	419370	
310047	420060	
310097	421355	
310023	420381	
310116	420106	
310053	420193	
310095	419978	
310111	420379	
310130	420904	
310171	420729	
310080	421046	
310094	420728	
310070	420284	
309998	420257	
310059	420778	
310008	421668	
310054	420046	
310088	420424	
310034	421079	
310082	420630	
310081	420469	
310076	419955	
310048	420799	
310099	420017	
310059	421078	
310065	421018	
310027	420235	
309982	420169	
309986	420129	
309956	420879	
310059	420875	
310026	420936	
310040	420766	
310046	420558	
310028	420481	
310093	420697	
310082	420478	
310058	420236	
310008	420533	
310047	420749	
310032	420128	
310029	420920	
310050	421187	
310061	420476	
310025	419794	
310063	420300	
309986	421503	
309984	420424	
310002	420421	
309984	419510	
310010	421403	
310060	419605	
310026	419985	
310012	420524	
310034	420739	
310019	419895	
310047	420096	
310072	420994	
310081	420901	
310021	419761	
310013	420413	
310002	420567	
309999	420106	
309985	420188	
309962	421163	
310012	420647	
309926	420533	
309994	420816	
310043	420074	
310074	420191	
310054	419856	
310049	420520	
310091	420249	
310061	419914	
310050	421329	
309953	420721	
310006	421278	
309985	419984	
309967	420153	
309975	419971	
310011	419931	
310024	420574	
309984	420193	
310018	420663	
310014	419900	
310045	419795	
310040	421040	
310064	420003	
309974	420856	
310042	420220	
310024	420788	
309998	421296	
310052	420669	
310013	419909	
310026	420646	
310046	421553	
309985	420665	
310020	420581	
309950	420709	
309977	420623	
310040	421164	
309980	420616	
310003	421149	
309990	420226	
309999	420875	
310011	421092	
309983	420857	
310089	419955	
310018	420082	
310043	420874	
310022	420301	
309977	421397	
309983	421326	
309966	420406	
309956	420034	
309929	420445	
309960	420206	
309947	420416	
309982	419667	
309949	420611	
309966	421394	
310031	419936	
310021	419434	
310033	420804	
309959	420296	
310023	421050	
310059	419858	
310021	419681	
309958	420379	
309883	420080	
309927	420121	
309950	420059	
309978	420995	
310021	419997	
309993	419689	
309957	420565	
310010	419773	
309988	420177	
309998	420439	
309963	421063	
309983	420626	
310010	420300	
309982	421036	
310007	419772	
310028	421016	
310037	419767	
310039	420516	
309959	419980	
309983	420776	
309990	420865	
310003	420456	
309969	420827	
309979	420452	
309984	420094	
309968	420487	
309996	420608	
309979	419961	
309996	420642	
309989	420662	
309992	421020	
309983	421317	
309972	420967	
309948	421026	
309970	421658	
309955	420693	
309899	419562	
309922	421281	
309917	420625	
309951	421184	
309961	420711	
309968	420255	
309965	420232	
309992	420698	
310027	420141	
310016	420455	
310014	420899	
310028	420454	
309982	420969	
310002	420743	
309940	421236	
309910	420187	
309925	420938	
309972	420026	
309928	419568	
310027	420262	
310007	421371	
310045	419564	
310014	420713	
310012	420336	
309997	419976	
309993	420264	
309987	420410	
310008	420116	
309907	420242	
309955	420926	
309974	420383	
309952	419673	
309978	421285	
310014	421135	
309953	420143	
309930	420007	
309913	420954	
309897	420485	
309914	420522	
309952	420190	
309948	421066	
309969	420185	
309978	419978	
309970	420393	
310023	420966	
309975	419859	
309985	421072	
309956	420784	
309937	421003	
309928	421046	
309959	420287	
309917	421144	
309909	420237	
309890	420027	
309956	419412	
309906	420221	
309976	420723	
310006	420584	
310002	420557	
309996	420507	
309973	421203	
309995	420880	
309996	420042	
309984	420840	
309955	420694	
309957	420893	
309930	420189	
309927	419997	
309922	419704	
309929	419872	
309977	421003	
309973	419643	
309981	420852	
309959	420454	
310003	420051	
309987	419966	
309981	420777	
309933	420015	
309946	420287	
310010	420163	
309927	420161	
310014	419994	
309967	421137	
309932	421502	
309953	420587	
309954	420313	
310038	419682	
309888	419998	
309977	420137	
309966	420171	
309943	420734	
309985	421081	
309983	420327	
309998	419696	
310008	419785	
310003	420365	
309999	421105	
310005	419542	
309985	420451	
309967	420479	
309915	420516	
309953	420284	
309977	420196	
309963	419555	
309926	421656	
309976	419902	
309966	420662	
309942	420269	
310013	419696	
310019	420505	
310023	420200	
309973	421742	
309979	420515	
309976	420143	
309967	419619	
309943	420587	
309949	420440	
309900	420219	
309926	420560	
309887	420262	
309957	420106	
310010	420290	
309966	420640	
309987	420699	
309980	421556	
309942	420328	
309944	419525	
309889	420174	
309981	419682	
309969	420609	
309966	421350	
309977	421042	
309996	420776	
309992	420425	
309926	420240	
309912	420974	
309956	420938	
309940	420194	
309956	420746	
309970	420381	
309959	419689	
309936	420298	
309953	420185	
309971	419796	
310017	419922	
309980	420901	
310005	420869	
309962	421408	
310012	419485	
309975	420920	
309961	420446	
309935	420892	
309944	419996	
309945	419982	
309932	420730	
309953	419840	
309911	419721	
309942	419963	
309995	420061	
310035	420339	
309984	420764	
310082	420974	
309998	420170	
310011	420697	
309997	421203	
309877	420267	
309985	420137	
309944	419847	
309937	419460	
309920	420636	
309945	420038	
310036	420238	
309964	421138	
310021	419934	
309970	420134	
309981	421725	
310027	420662	
310029	420317	
310023	420951	
309931	420084	
309941	421470	
309979	420578	
309984	420678	
309970	419986	
310030	420935	
310005	419498	
309999	420625	
310013	420460	
309966	420284	
309986	420940	
310031	421099	
310012	420699	
309993	420708	
309993	420523	
310032	421095	
310044	420455	
310049	420304	
310005	420724	
309997	420162	
309983	421449	
309961	421090	
309959	420657	
309942	420442	
309940	422174	
309949	420345	
309936	420706	
309936	420556	
309952	420981	
310045	420310	
310070	420279	
310025	420039	
310043	421104	
309997	420912	
309991	420795	
310003	420821	
309963	420584	
309984	420284	
309940	419508	
309946	420011	
309969	420135	
309956	420563	
309977	419221	
309993	419635	
309983	420282	
310050	420586	
310094	419519	
310047	420328	
309988	420373	
309957	419839	
309984	420288	
309972	419558	
310021	421143	
310008	420388	
310021	420931	
309960	421082	
309971	420781	
309992	419147	
310013	419864	
309996	421404	
310007	420407	
310027	420816	
310002	420705	
309955	420073	
309984	420045	
310046	419819	
310008	419974	
310050	421159	
310051	421572	
310011	421329	
310028	419689	
310024	419776	
309991	421145	
309971	420541	
310017	420429	
309992	419208	
309921	420102	
310031	419278	
310006	419788	
309963	420665	
309993	420814	
310061	419779	
310055	420075	
310036	421027	
310065	420984	
310043	419791	
310041	420696	
309991	419899	
309982	420433	
309950	420460	
309989	419232	
310000	419613	
309923	419480	
309994	420635	
310016	420887	
310045	419924	
310062	419401	
310003	420307	
310019	420271	
310028	420272	
310054	420209	
309989	420294	
310042	420514	
309981	420800	
310103	421063	
310013	419832	
310021	421412	
310034	419836	
310041	420027	
310056	419535	
310004	419384	
309999	421097	
310024	419506	
309999	419707	
310004	419981	
310069	419542	
310017	420803	
310058	420156	
310072	420884	
310044	420517	
310069	420974	
309995	420087	
309986	420701	
310006	420491	
310008	421126	
309990	420022	
310038	419624	
309935	420902	
310026	420104	
310033	420480	
310032	420360	
310067	420637	
310055	420025	
310116	420796	
310062	419804	
310088	421107	
310051	420786	
310011	421196	
310021	420936	
309957	421023	
309999	419980	
309944	420658	
309999	420256	
310015	420455	
310002	420147	
310054	420196	
310040	420213	
310044	420585	
309984	420680	
309974	419760	
309971	420773	
309949	420564	
309939	421250	
310001	421475	
310024	420358	
310035	419664	
310057	421065	
310011	420102	
309999	420316	
310011	420566	
310059	420506	
309995	420795	
309997	420091	
309994	420469	
309995	419397	
310001	420626	
310026	420416	
310065	420555	
310056	420270	
310043	419843	
310033	420425	
310018	420928	
309991	419785	
309986	421201	
309964	420886	
310007	420330	
309950	420344	
310005	420282	
309991	419538	
309996	420351	
310002	420781	
310047	420862	
310117	420513	
310061	420700	
310071	420179	
310056	420842	
310024	420430	
310025	420857	
310041	420287	
310078	420700	
310054	420372	
310033	419982	
309936	420226	
310005	420241	
310068	420134	
310014	420676	
310060	420545	
310049	419276	
310033	420460	
310038	419998	
310039	420513	
310023	420153	
310037	420947	
310060	421503	
310017	420502	
310044	420848	
310009	420428	
310030	420320	
310049	419478	
309991	420386	
310039	420036	
310058	419213	
310010	421304	
310059	420986	
310035	420152	
310050	421057	
310079	420161	
310050	421302	
310112	421001	
310039	420495	
310071	420448	
310041	421401	
310059	421215	
310016	420886	
310001	420850	
309988	420324	
310034	419373	
310034	419877	
310023	421117	
310060	421146	
310037	421113	
310034	419776	
310051	420108	
310071	421232	
310053	421236	
310132	420773	
310091	420995	
310050	420913	
310081	420309	
310066	420827	
309985	420569	
310063	420195	
310040	420258	
310026	420610	
310034	420262	
310048	419881	
310076	420156	
310015	420399	
310084	419410	
310061	419983	
310046	420762	
310110	420379	
310098	420698	
310076	420112	
310125	420532	
309981	421267	
310098	420828	
310081	421190	
310060	420908	
310037	420361	
309999	420939	
310022	420560	
310027	419421	
310053	421673	
310073	420985	
310038	419894	
310024	420492	
310048	419890	
310094	420929	
310070	420907	
310111	420190	
310127	420949	
310100	420750	
310053	420324	
310027	420318	
309971	420835	
310036	420215	
310044	420300	
310048	420594	
310055	420396	
310094	419456	
310069	420101	
310055	420426	
310119	420942	
310122	420593	
310132	419962	
310136	420461	
310102	420746	
310090	420177	
310083	419759	
310048	420994	
310053	420839	
310043	420433	
310026	420322	
310029	420100	
310062	419745	
310063	419896	
310020	419914	
310092	420433	
310101	420474	
310079	420188	
310113	420392	
310076	420392	
310057	419478	
310138	420226	
310123	420308	
310094	420483	
310120	419250	
310104	420317	
310054	420090	
310117	420113	
310085	420142	
310076	420302	
310067	420481	
310053	420469	
310121	420809	
310120	420442	
310071	420177	
310124	420365	
310104	419991	
310096	420752	
310153	420460	
310139	420659	
310104	420766	
310084	420913	
310060	419833	
310085	419885	
310093	420072	
310044	421104	
310091	419937	
310051	420376	
310043	419767	
310130	420522	
310102	419442	
310166	419648	
310127	420306	
310187	420344	
310188	420896	
310102	420394	
310101	420562	
310088	420364	
310115	420083	
310033	420742	
310129	420162	
310046	419531	
310094	420163	
310129	419873	
310110	420109	
310093	420400	
310139	420087	
310143	419885	
310133	420351	
310132	420369	
310099	420235	
310074	421112	
310079	420396	
310117	421116	
310063	420685	
310110	420994	
310139	421059	
310071	420069	
310106	420074	
310108	420312	
310094	419858	
310092	420119	
310149	420422	
310065	419645	
310116	420514	
310158	420324	
310168	420339	
310198	420680	
310168	420752	
310155	420928	
310162	420609	
310144	420544	
310092	419990	
310114	420826	
310105	420450	
310118	420685	
310083	420248	
310138	420333	
310063	420828	
310126	419645	
310136	420493	
310112	420429	
310172	420317	
310142	420808	
310160	420448	
310149	420983	
310162	420138	
310154	419919	
310108	419890	
310030	420894	
310053	420078	
310093	421141	
310115	419576	
310140	419897	
310126	421405	
310166	420502	
310149	421330	
310209	420616	
310144	420111	
310102	421137	
310110	419670	
310155	420447	
310111	421184	
310120	420137	
310141	420120	
310134	421167	
310121	420691	
310154	420452	
310087	420248	
310129	419911	
310075	420344	
310123	419423	
310117	420865	
310161	420069	
310111	420265	
310122	421051	
310089	420908	
310197	420761	
310177	419627	
310183	420671	
310200	419710	
310114	420756	
310193	420837	
310147	420326	
310122	419809	
310099	420630	
310095	420060	
310077	420348	
310123	419420	
310082	419889	
310079	420497	
310106	420608	
310171	419537	
310113	420474	
310136	420405	
310199	420088	
310194	420709	
310171	419649	
310145	419852	
310127	420177	
310097	420616	
310143	420485	
310028	420683	
310103	420213	
310128	419490	
310133	420547	
310157	419611	
310187	420581	
310161	420300	
310141	420941	
310169	419633	
310184	420831	
310138	419427	
310184	420829	
310138	421109	
310156	419976	
310125	420220	
310089	421373	
310144	420189	
310142	420941	
310169	419988	
310101	420141	
310134	420649	
310091	420502	
310138	419764	
310186	419379	
310155	420923	
310151	419787	
310152	419990	
310131	420542	
310206	420958	
310186	420785	
310182	420495	
310165	420561	
310173	420379	
310118	421083	
310122	420680	
310102	420305	
310141	419452	
310148	420448	
310082	420249	
310159	419694	
310152	420170	
310193	418485	
310209	420052	
310156	420150	
310202	420171	
310159	421075	
310185	419714	
310129	420723	
310176	419679	
310138	420079	
310136	420700	
310102	420506	
310122	420250	
310136	420101	
310146	420539	
310186	420494	
310145	420332	
310143	420772	
310185	421161	
310163	420763	
310151	420583	
310102	420253	
310169	420412	
310169	420578	
310138	420618	
310196	419719	
310128	420475	
310143	420387	
310131	419591	
310150	419855	
310139	420853	
310168	420056	
310147	419428	
310106	420989	
310131	419830	
310147	419102	
310200	419424	
310243	420334	
310163	420059	
310193	420548	
310202	420961	
310180	421505	
310133	419880	
310141	419651	
310111	419602	
310160	419609	
310142	419846	
310131	420377	
310135	418931	
310104	420974	
310123	419640	
310158	420312	
310199	420067	
310215	419713	
310211	419875	
310172	421500	
310262	420196	
310179	420187	
310171	420015	
310147	419729	
310142	420455	
310157	420079	
310134	419672	
310143	420098	
310146	420382	
310123	420132	
310194	420455	
310210	420272	
310215	419889	
310237	420560	
310201	420351	
310194	421183	
310204	420623	
310124	420649	
310136	420623	
310141	420148	
310167	420324	
310151	420140	
310177	420241	
310174	420082	
310170	420026	
310166	420418	
310164	420257	
310137	420335	
310137	419587	
310197	420272	
310166	420800	
310234	420497	
310151	420799	
310231	420420	
310223	419773	
310205	420018	
310159	419901	
310152	420944	
310169	420123	
310168	420747	
310144	420407	
310116	420247	
310106	419623	
310103	420289	
310153	420526	
310159	420584	
310187	420069	
310265	420136	
310219	420209	
310222	420463	
310254	419927	
310186	420573	
310149	420603	
310141	420075	
310181	420816	
310156	419625	
310144	420642	
310120	420880	
310152	420265	
310160	420552	
310169	420556	
310201	420724	
310170	420431	
310096	419955	
310148	419371	
310164	420168	
310178	420442	
310242	419993	
310131	419430	
310168	420856	
310119	421119	
310190	419697	
310137	419868	
310182	419845	
310232	420031	
310216	420177	
310147	420670	
310204	419757	
310240	421469	
310162	419697	
310240	420970	
310223	420227	
310194	420478	
310202	420205	
310242	420441	
310260	420809	
310175	420924	
310151	420249	
310192	419815	
310158	419870	
310181	420305	
310137	419655	
310106	420369	
310201	420152	
310131	419577	
310184	420046	
310229	420115	
310223	420311	
310215	419893	
310249	420746	
310256	421103	
310248	420017	
310187	421107	
310153	420100	
310180	420390	
310124	419606	
310118	421145	
310119	419358	
310173	420127	
310155	419209	
310154	419490	
310234	420940	
310188	420213	
310223	420969	
310184	420841	
310184	421274	
310123	420218	
310169	420293	
310209	419715	
310211	420105	
310149	420429	
310188	420832	
310182	420368	
310180	420102	
310187	420080	
310166	419916	
310166	420476	
310214	420280	
310153	420754	
310112	419384	
310196	420616	
310211	419903	
310197	419701	
310204	420241	
310214	420020	
310224	420932	
310227	420104	
310193	420173	
310124	419789	
310109	420790	
310169	419802	
310138	420321	
310107	419877	
310147	421287	
310136	420869	
310193	419362	
310137	420420	
310184	420002	
310194	419570	
310228	419961	
310237	420259	
310199	420053	
310201	420789	
310175	419485	
310165	419526	
310140	420220	
310133	420373	
310127	419585	
310137	420942	
310212	418691	
310197	419682	
310166	419934	
310163	419556	
310224	420801	
310204	420528	
310136	420375	
310146	420738	
310102	420351	
310156	420640	
310184	420607	
310140	420946	
310180	421033	
310163	420407	
310137	420132	
310166	420267	
310187	420842	
310161	420040	
310196	419691	
310135	419801	
310187	420133	
310194	419763	
310184	420580	
310220	420230	
310211	420466	
310202	420633	
310203	419826	
310202	420407	
310159	420225	
310205	420380	
310097	419806	
310178	421034	
310140	420394	
310112	419348	
310101	420250	
310112	420837	
310176	419957	
310137	421667	
310176	420333	
310150	420143	
310191	420471	
310173	420184	
310187	420688	
310206	420734	
310204	420359	
310132	420204	
310152	419996	
310153	420470	
310097	419868	
310063	419956	
310142	420268	
310127	419509	
310152	420178	
310175	419747	
310160	420541	
310189	419837	
310137	420573	
310139	420512	
310130	420301	
310183	420496	
310188	421045	
310155	420061	
310168	420475	
310155	420336	
310208	420277	
310154	420961	
310192	420892	
310165	420668	
310145	420332	
310166	420364	
310127	420684	
310181	420490	
310140	420431	
310211	420141	
310219	420015	
310202	421104	
310152	420404	
310174	421077	
310196	420754	
310144	420000	
310132	420531	
310170	420496	
310140	420874	
310131	419767	
310188	420572	
310134	420201	
310107	419736	
310138	419629	
310131	420008	
310146	420694	
310190	420093	
310177	420481	
310174	419632	
310194	420005	
310145	421243	
310206	420057	
310166	420690	
310142	420367	
310160	420721	
310108	419425	
310105	420990	
310154	419185	
310142	419467	
310094	420174	
310139	421434	
310190	420107	
310186	420434	
310132	420127	
310136	420189	
310119	419836	
310165	420250	
310149	419706	
310143	421194	
310124	419620	
310205	419527	
310138	420176	
310150	419970	
310094	420065	
310155	419560	
310134	420116	
310090	420468	
310117	420000	
310109	420728	
310112	419871	
310163	420370	
310181	420438	
310197	420245	
310180	421281	
310182	419513	
310206	419790	
310110	420390	
310113	420048	
310155	420647	
310151	420825	
310142	420249	
310081	420057	
310095	420472	
310133	419472	
310154	420748	
310154	419628	
310151	420490	
310237	419171	
310204	420529	
310156	419678	
310187	419830	
310159	420615	
310074	421086	
310167	420730	
310138	420739	
310102	420699	
310136	419872	
310107	420286	
310129	419878	
310181	419648	
310166	420856	
310165	420803	
310203	419997	
310146	421000	
310185	419565	
310082	421562	
310100	420157	
310180	420271	
310114	419144	
310152	420543	
310114	419189	
310160	420641	
310146	420462	
310115	420250	
310140	420199	
310097	420127	
310086	420413	
310168	420454	
310108	419895	
310139	419719	
310121	419932	
310144	420596	
310207	419348	
310221	419805	
310157	420466	
310188	420115	
310152	420052	
310121	420588	
310123	420472	
310109	421353	
310101	420451	
310098	420470	
310099	419697	
310081	420193	
310122	421173	
310148	420381	
310132	421292	
310147	420384	
310212	419600	
310155	420215	
310174	419859	
310106	420616	
310112	420223	
310147	420399	
310118	419740	
310140	420217	
310135	420478	
310139	419330	
310124	419716	
310066	420263	
310061	419482	
310107	421046	
310157	419953	
310139	420545	
310119	420419	
310150	420577	
310168	419945	
310146	420979	
310145	420121	
310149	419584	
310176	421542	
310177	420344	
310087	420323	
310149	420911	
310085	420014	
310143	420614	
310056	421278	
310115	420158	
310137	419994	
310066	420058	
310074	419301	
310086	420497	
310107	420478	
310130	419309	
310158	420923	
310153	420567	
310121	421012	
310163	420364	
310107	419985	
310078	420142	
310118	419186	
310085	419790	
310112	420358	
310153	421090	
310029	420923	
310087	419126	
310117	420253	
310105	419914	
310146	420032	
310194	420415	
310095	419278	
310127	420479	
310123	420109	
310060	420357	
310088	419611	
310084	419521	
310024	419818	
310091	419328	
310082	420711	
310050	419606	
310130	420287	
310144	420127	
310060	419910	
310145	420253	
310122	421119	
310114	419425	
310080	420112	
310129	419735	
310182	420460	
310054	421016	
310141	419972	
310102	419788	
310099	419633	
310107	419387	
310094	419450	
310080	420305	
310088	420166	
310081	419759	
310076	419727	
310067	420322	
310108	420908	
310147	419947	
310140	420457	
310151	419021	
310164	419946	
310149	420229	
310134	420976	
310150	419421	
310060	419802	
310113	419637	
310102	420268	
310056	421251	
310120	420597	
310092	420194	
310106	420521	
310118	420076	
310065	419596	
310078	419865	
310168	420264	
310138	419191	
310122	420773	
310102	420483	
310153	420520	
310084	420214	
310093	420423	
310052	420550	
310048	420204	
310042	420610	
310060	420012	
310055	420919	
310086	419973	
310109	419955	
310107	420501	
310063	420530	
310093	420115	
310121	420502	
310066	420631	
310120	421131	
310095	420503	
310100	419978	
310126	420191	
310076	419363	
310121	420352	
310084	419552	
310082	419817	
310095	419598	
310077	419293	
310059	420591	
310056	420133	
310044	419543	
310078	420304	
310087	419761	
310073	419931	
310149	420746	
310139	420425	
310176	420063	
310080	420676	
310093	420392	
310120	420543	
310055	420146	
310087	419675	
310046	420471	
310077	420466	
310025	419505	
310059	420390	
310050	420280	
310026	420725	
310057	419915	
310061	419791	
310133	420645	
310099	419787	
310155	420061	
310070	420082	
310137	420870	
310114	419957	
310064	420201	
310054	420448	
310091	420626	
310060	420178	
310010	420278	
310027	418867	
310089	420319	
310092	420358	
310057	420371	
310081	420044	
310051	421364	
310075	420085	
310109	420102	
310070	419897	
310091	420048	
310080	420506	
310052	420847	
310112	420406	
310094	420761	
310091	420908	
310045	420215	
310086	419962	
310041	421397	
310104	419557	
310022	420438	
310060	419771	
309996	419564	
310080	420531	
310090	420021	
310144	420144	
310125	420904	
310097	420540	
310104	419572	
310059	420304	
310056	420780	
310077	419812	
310032	420024	
310023	420393	
310039	420376	
310016	419375	
310021	420079	
309978	420398	
310043	420747	
310048	419409	
310051	420139	
310101	419805	
310078	420768	
310079	419927	
310058	420052	
310104	421044	
310097	419860	
310064	420272	
310051	419781	
310042	420132	
310014	419456	
310043	419113	
310029	420145	
310062	419660	
310073	420180	
310031	419702	
310086	419340	
310089	419372	
310099	421073	
310047	419929	
310070	419018	
310104	420480	
310099	419428	
310051	420307	
310086	420478	
310044	419835	
310035	420612	
310043	419577	
310078	419920	
310016	420541	
310032	419884	
310050	420513	
310054	420658	
310048	420064	
310016	420099	
310018	420943	
310109	419725	
310077	420719	
310052	420207	
310056	419962	
310113	420321	
310060	420144	
310064	421167	
310102	420853	
310035	421383	
310063	419700	
310029	420141	
310018	419445	
310107	419951	
310071	420493	
310074	420320	
310059	421379	
310064	420420	
310140	419927	
310074	421129	
310091	420336	
310032	420371	
310020	420200	
310069	420376	
310064	420389	
310039	419688	
310074	420161	
310008	420012	
310074	420392	
310059	419938	
310083	419623	
310064	420280	
310086	420066	
310057	420336	
310106	420116	
310052	419659	
310035	420792	
310052	419869	
310027	420983	
310047	420691	
310052	420492	
310081	419617	
310031	420273	
310015	419323	
310110	420408	
310014	419627	
310027	420146	
310008	419736	
310009	420570	
310098	420464	
310094	420026	
310136	420753	
310089	420052	
310100	420302	
310115	420090	
310107	420689	
310058	421238	
310059	421160	
310062	420234	
310050	419412	
310010	420453	
309976	420926	
309982	420772	
309981	419762	
310025	419827	
310071	419782	
310009	420291	
310094	420857	
310072	420878	
310076	420590	
310085	420410	
310110	419640	
310059	419826	
310052	420167	
310033	420764	
310039	419475	
310090	420190	
309994	421122	
310049	419996	
310015	419296	
310096	420161	
310047	420573	
310062	420036	
310095	419662	
310061	420079	
310036	420823	
310105	419644	
310028	420200	
310041	420330	
310079	420573	
310076	420762	
310092	421109	
310082	420034	
310032	420713	
310017	420210	
310049	420246	
310032	420559	
310064	420429	
310015	420105	
310004	420069	
310079	420212	
310117	420172	
310099	419988	
310082	421535	
310120	420621	
310097	420333	
310107	420281	
310032	421562	
310037	420832	
310053	419703	
309988	420227	
310103	420552	
310027	419928	
310042	420317	
310051	419652	
310084	420542	
310068	420134	
310108	419674	
310116	419843	
310072	420797	
310113	420634	
310128	420287	
310059	420627	
310088	420614	
310084	421052	
310053	419467	
310020	419958	
310007	419905	
310028	420294	
310053	420496	
310066	420932	
310078	419796	
310072	419567	
310078	420583	
310107	420213	
310070	420559	
310053	420701	
310016	420087	
310080	420240	
310092	419168	
310074	419352	
310031	420438	
310052	420461	
310097	420320	
310082	419806	
310063	420594	
310109	419333	
310046	419978	
310033	420710	
310051	419500	
310075	420791	
310065	420365	
310083	419967	
310087	420947	
310071	420279	
310119	420480	
310077	420574	
310119	420386	
310101	420381	
310031	419619	
310052	420504	
310069	420489	
310095	419413	
310038	420299	
309985	419119	
310055	420211	
310047	420323	
310060	420404	
310098	420873	
310135	419821	
310098	420229	
310083	420357	
310107	419941	
310085	419910	
310057	419680	
310040	420740	
310051	420063	
310066	419100	
310068	419777	
310029	419994	
310068	421318	
310085	420546	
310107	420141	
310053	420148	
310113	420039	
310061	419976	
310033	420750	
310069	420216	
310073	419914	
310091	420266	
310086	419574	
310080	418986	
310108	420604	
310062	420718	
310080	420714	
310043	420502	
310091	420244	
310073	419811	
310045	419238	
310019	420124	
310061	419355	
310006	419241	
310029	420962	
310100	420002	
310071	418974	
310128	420389	
310067	419814	
310061	420632	
310070	420799	
310043	419736	
310100	420528	
310096	419771	
310057	419527	
310064	420728	
310075	420121	
310097	419432	
310082	420075	
310021	419725	
310054	419472	
310094	419628	
310081	419899	
310094	420841	
310150	419841	
310097	420607	
310057	420811	
310066	420226	
310049	421042	
310091	418644	
310044	419928	
310035	419961	
310042	420745	
310068	420775	
310052	420744	
310076	419573	
310150	420622	
310132	419931	
310102	421356	
310080	420617	
310083	419846	
310045	421303	
310067	419214	
310091	420351	
310107	419879	
310150	420060	
310049	420791	
310053	420410	
310099	419753	
310050	419466	
310085	420473	
310055	420391	
310068	419438	
310087	419867	
310030	420362	
310106	420047	
310114	420612	
310092	420186	
310135	419443	
310135	420491	
310086	420202	
310076	420427	
310066	420669	
310013	419885	
310041	419985	
310041	420542	
310044	420411	
310078	420187	
310062	419715	
310108	419935	
310077	420354	
310175	420138	
310112	419916	
310117	420673	
310111	419982	
310124	420576	
310124	420449	
310097	420977	
310079	419418	
309994	419304	
310054	419422	
310062	420063	
310034	420448	
310077	420407	
310050	419549	
310088	420010	
310070	420345	
310105	420248	
310124	420377	
310078	420594	
310077	420025	
310090	420451	
310110	420643	
310061	419767	
310100	420508	
310062	420046	
310058	421186	
310102	419665	
310107	420454	
310075	420151	
310071	421091	
310122	419827	
310071	420308	
310075	420642	
310057	420187	
310106	420395	
310092	419846	
310094	420239	
310127	420625	
310077	419835	
310119	420123	
310122	421186	
310092	420411	
310122	420266	
310074	419688	
310037	420060	
310060	420129	
310032	419241	
310066	420185	
310078	419851	
310071	420780	
310129	419421	
310120	420163	
310131	420902	
310104	420532	
310133	421011	
310137	421589	
310100	420829	
310108	420199	
310034	419282	
310088	419467	
310078	419683	
310087	419910	
310077	420051	
310101	420394	
310135	419800	
310121	419969	
310132	420902	
310122	419668	
310105	420131	
310151	419755	
310126	420505	
310112	419797	
310084	420200	
310099	420752	
310141	420740	
310104	420262	
310105	420155	
310079	419849	
310080	420485	
310142	419919	
310096	420148	
310127	419433	
310067	419689	
310081	420306	
310113	420569	
310082	419776	
310109	420446	
310127	420477	
310145	421193	
310175	420277	
310067	420118	
310059	420150	
310086	420716	
310097	420205	
310166	419387	
310073	419807	
310115	420189	
310114	419522	
310094	419211	
310087	420544	
310099	419609	
310183	420170	
310170	420265	
310122	420500	
310212	421036	
310187	419681	
310140	419976	
310167	420967	
310088	419926	
310140	420542	
310080	419597	
310056	419441	
310065	420157	
310073	420933	
310098	420404	
310171	420075	
310115	420340	
310083	420422	
310146	420258	
310118	420147	
310143	419886	
310193	419649	
310123	420656	
310136	420014	
310135	420004	
310144	420112	
310130	419564	
310157	421031	
310125	419699	
310127	419964	
310126	420502	
310115	420675	
310123	418661	
310076	420599	
310134	419879	
310098	420045	
310174	420159	
310139	419967	
310142	420434	
310163	420243	
310116	420183	
310158	420339	
310083	421101	
310156	421247	
310137	420157	

 Comment
