Version  	 2.0
 Type  	analog
 Azimut 	180
 Exceed 	40
 Alpha  	20
 Quantity of cycles 	500
 Quantity of strobes 	2001
 Strobe 	10
 Delay  	0
 Time begin 	17:49:50
 Time end   	17:50:14
 Data
310621	420038	
310601	419414	
310358	418990	
310698	419296	
310649	462106	
310505	426491	
311607	422246	
318735	418695	
313754	419705	
312713	421391	
312199	419147	
311393	418849	
311092	419866	
311003	420640	
310941	417839	
310792	419994	
310778	418647	
310613	419835	
310598	419577	
310645	419282	
310620	419406	
310631	419015	
310560	419786	
310571	419883	
310587	420419	
310599	419177	
310597	419237	
310558	418863	
310504	419656	
310546	419185	
310532	419182	
310515	419254	
310539	419171	
310569	419531	
310613	419885	
310712	419474	
310742	419541	
310764	419754	
310798	419614	
310880	418521	
310934	419027	
310980	419286	
310976	419715	
311049	419429	
311101	419297	
311061	420436	
311091	419480	
311107	419029	
311101	418914	
311070	419322	
311089	419308	
311091	419466	
311025	419036	
311031	420255	
311039	418697	
311040	420087	
311050	418915	
311036	419408	
311018	418823	
311023	419581	
310979	419235	
311012	419176	
311013	419959	
310981	420001	
310955	419541	
310958	419912	
310910	420776	
310901	419254	
310870	419420	
310822	419385	
310856	418649	
310853	419247	
310863	419233	
310863	419941	
310896	419969	
310854	419030	
310804	419434	
310812	419456	
310837	419291	
310792	419225	
310799	419894	
310783	418968	
310749	419418	
310736	418818	
310776	419087	
310803	419181	
310797	419172	
310814	419807	
310776	418125	
310753	418515	
310774	420085	
310815	419580	
310702	420053	
310756	420243	
310760	420469	
310728	418653	
310709	420006	
310664	418239	
310718	419473	
310711	419661	
310680	418635	
310682	419561	
310668	419963	
310661	419116	
310671	418694	
310639	418900	
310643	419576	
310683	419347	
310677	418830	
310717	419092	
310701	419803	
310749	418556	
310669	420176	
310674	419139	
310679	419543	
310692	419320	
310707	418919	
310643	419389	
310649	418869	
310643	418902	
310625	418994	
310645	419467	
310625	419838	
310646	419580	
310600	419432	
310672	419566	
310668	419622	
310647	418979	
310651	419071	
310598	419357	
310640	419617	
310652	419415	
310616	419406	
310665	419194	
310608	418907	
310602	419351	
310588	418772	
310650	419255	
310629	419169	
310608	419856	
310646	419436	
310677	419747	
310643	419385	
310690	419294	
310646	420040	
310614	418948	
310586	420322	
310626	418157	
310594	419924	
310567	418674	
310621	419558	
310566	419070	
310597	419879	
310582	419358	
310628	419936	
310626	418856	
310620	419151	
310591	419759	
310644	419122	
310670	419892	
310604	419181	
310607	420107	
310631	419062	
310585	419128	
310653	419394	
310564	419231	
310582	419327	
310621	419039	
310563	419165	
310583	419054	
310538	419792	
310569	419180	
310595	419054	
310575	418573	
310531	420504	
310600	419885	
310559	419526	
310589	419371	
310596	419360	
310587	419364	
310576	419277	
310577	418815	
310548	419703	
310615	419728	
310593	419068	
310573	419478	
310563	419067	
310602	418707	
310520	420553	
310537	419933	
310606	418921	
310592	418195	
310611	419645	
310613	418667	
310592	418626	
310584	419240	
310599	420509	
310585	419105	
310558	419633	
310553	419226	
310574	419494	
310571	418510	
310580	419733	
310549	418537	
310561	418457	
310545	418560	
310557	418708	
310588	419461	
310546	419478	
310602	419543	
310579	418997	
310573	419580	
310632	419818	
310531	418509	
310619	419413	
310574	419067	
310565	419442	
310561	419040	
310530	419712	
310548	420038	
310504	418694	
310548	418493	
310512	419927	
310561	418987	
310605	419040	
310543	418871	
310571	418995	
310548	420458	
310541	419503	
310560	419088	
310556	419792	
310533	419591	
310575	419572	
310545	419164	
310554	419661	
310559	419374	
310529	419369	
310550	419713	
310501	419388	
310559	419800	
310548	420160	
310550	419128	
310554	420324	
310540	419150	
310538	419312	
310536	420407	
310506	419770	
310523	419726	
310573	419585	
310526	419196	
310581	419549	
310507	420273	
310540	419975	
310500	419323	
310529	419508	
310559	419269	
310513	418282	
310533	418681	
310576	419551	
310534	419138	
310572	419645	
310540	419400	
310527	420371	
310538	420506	
310547	419539	
310498	418356	
310535	419259	
310554	419381	
310550	418919	
310481	419422	
310468	418922	
310507	417822	
310543	419184	
310559	418972	
310532	419008	
310559	419488	
310578	418975	
310567	419513	
310546	419274	
310555	418992	
310562	419007	
310531	420145	
310559	419003	
310540	419239	
310535	419989	
310474	419729	
310515	418655	
310514	419239	
310524	419417	
310533	419825	
310557	419413	
310510	419644	
310502	418965	
310525	419447	
310519	419482	
310555	418723	
310579	419035	
310525	419459	
310583	419494	
310561	419442	
310561	418606	
310527	418776	
310517	419391	
310531	419602	
310572	418976	
310532	419621	
310465	419165	
310514	419526	
310521	419769	
310555	418838	
310539	418524	
310513	418630	
310565	418612	
310578	418925	
310603	418540	
310586	420202	
310499	418796	
310508	420453	
310526	419907	
310511	419387	
310485	419122	
310522	418944	
310493	419249	
310528	419138	
310496	420022	
310527	419599	
310519	419647	
310579	419514	
310525	418344	
310510	418836	
310522	420026	
310530	419520	
310524	419270	
310516	419053	
310500	419680	
310507	419280	
310504	419235	
310538	419453	
310488	418943	
310496	419759	
310487	418713	
310508	419622	
310498	418122	
310476	419431	
310512	419642	
310522	418552	
310577	418971	
310529	419031	
310513	419626	
310563	419187	
310495	418980	
310552	420420	
310546	419284	
310489	418491	
310515	419190	
310528	420098	
310535	419346	
310529	418425	
310533	418706	
310516	418634	
310518	418036	
310503	418975	
310573	418946	
310525	419386	
310594	419222	
310529	418534	
310482	418595	
310518	419893	
310564	418754	
310487	419725	
310529	418629	
310511	419415	
310514	419791	
310477	418777	
310529	418219	
310507	418712	
310526	419267	
310530	418095	
310556	419069	
310531	418472	
310500	419650	
310566	419228	
310582	418972	
310493	419800	
310537	418889	
310536	419765	
310490	420266	
310548	418716	
310497	419247	
310521	419231	
310549	420372	
310563	418714	
310471	418903	
310543	419752	
310529	419152	
310502	419606	
310528	419328	
310516	418611	
310594	418869	
310531	419927	
310541	418592	
310519	419184	
310480	418732	
310490	419591	
310501	419991	
310563	419410	
310506	418545	
310513	418734	
310509	418582	
310528	419479	
310486	419424	
310520	419029	
310556	419032	
310605	419478	
310544	419775	
310523	418380	
310565	420341	
310525	418873	
310505	419443	
310504	418533	
310555	418692	
310483	418994	
310549	419034	
310477	419042	
310506	419219	
310518	418285	
310520	419734	
310543	418721	
310546	418476	
310531	419564	
310554	418677	
310584	419674	
310592	419455	
310567	418351	
310474	420096	
310513	419003	
310519	418739	
310492	420065	
310540	419519	
310551	418374	
310504	419117	
310582	418364	
310555	418948	
310545	419372	
310577	419623	
310545	419353	
310544	419241	
310575	419620	
310549	420088	
310518	419581	
310563	419728	
310564	419309	
310533	419323	
310477	419418	
310486	420377	
310502	418470	
310500	419186	
310510	419979	
310536	419332	
310489	419694	
310552	419199	
310515	418790	
310530	419603	
310545	419375	
310586	419261	
310543	419330	
310566	418747	
310543	419540	
310551	418951	
310567	419529	
310576	418890	
310519	419386	
310547	419409	
310529	419945	
310503	418884	
310534	419722	
310541	419548	
310530	419831	
310573	419326	
310529	419464	
310581	418972	
310526	419291	
310560	419269	
310555	419139	
310548	419630	
310535	419618	
310521	418609	
310561	419203	
310489	418626	
310567	419374	
310525	418230	
310550	418744	
310544	418900	
310528	418557	
310599	419713	
310582	418731	
310561	419020	
310596	419268	
310563	419451	
310577	419008	
310597	418715	
310551	419772	
310526	418971	
310582	419422	
310498	419068	
310521	419466	
310572	419122	
310491	418492	
310537	420035	
310478	419489	
310533	418639	
310598	419747	
310587	419572	
310613	418845	
310630	419220	
310618	419437	
310573	419215	
310561	419834	
310572	419508	
310589	418843	
310550	419022	
310591	418885	
310572	419434	
310554	419635	
310523	418770	
310524	418996	
310597	418587	
310527	419269	
310581	419808	
310565	419351	
310578	419201	
310584	420286	
310605	419624	
310632	419239	
310620	418485	
310541	419465	
310545	418880	
310529	418478	
310504	419190	
310563	419634	
310587	418809	
310596	420263	
310566	419016	
310596	419464	
310567	419207	
310597	419052	
310563	419880	
310606	419619	
310631	419126	
310604	419520	
310611	418923	
310573	419497	
310592	419149	
310571	419912	
310575	419187	
310571	418972	
310577	419785	
310552	419699	
310570	418732	
310572	418829	
310523	419148	
310573	419094	
310573	418697	
310572	418602	
310616	419198	
310592	419573	
310616	419369	
310578	419793	
310598	419145	
310639	419510	
310586	419363	
310597	419076	
310595	418914	
310594	419861	
310631	419920	
310543	419174	
310629	419153	
310573	418417	
310610	419551	
310614	418795	
310630	419312	
310617	419362	
310630	418997	
310579	419338	
310603	419157	
310534	418633	
310590	419068	
310566	418650	
310569	418957	
310606	418913	
310545	419527	
310580	419667	
310605	418937	
310562	418851	
310607	418675	
310550	419697	
310611	418982	
310585	419769	
310559	419544	
310585	419977	
310554	419719	
310544	418602	
310612	418645	
310514	419437	
310574	419531	
310638	419624	
310641	418644	
310510	419788	
310470	419676	
310542	418658	
310535	418713	
310611	418498	
310609	419515	
310570	419223	
310614	418266	
310603	419125	
310549	419686	
310574	419539	
310571	419743	
310579	418300	
310584	418350	
310560	418993	
310560	419440	
310620	418832	
310586	419362	
310574	418797	
310598	419604	
310540	417981	
310560	418582	
310581	418186	
310592	418894	
310610	419250	
310587	418709	
310563	418512	
310632	419300	
310577	418991	
310624	418847	
310587	419237	
310560	418003	
310621	418437	
310562	418437	
310591	419557	
310624	419067	
310625	419107	
310560	419145	
310576	419155	
310548	419662	
310552	418692	
310624	418841	
310604	418872	
310611	419409	
310595	419606	
310603	419021	
310581	419577	
310571	418315	
310590	418297	
310575	418501	
310545	419696	
310601	418988	
310577	418362	
310560	419059	
310624	419442	
310553	419587	
310591	419433	
310638	418323	
310582	418619	
310598	419405	
310595	419743	
310629	418940	
310597	419387	
310572	419412	
310601	418265	
310611	419399	
310595	418298	
310590	419644	
310558	419083	
310576	418321	
310611	419534	
310622	418886	
310601	419624	
310598	418789	
310579	419260	
310636	419689	
310597	419008	
310641	419550	
310636	419779	
310661	417779	
310563	418994	
310567	419033	
310583	419793	
310580	418592	
310622	419221	
310581	419904	
310602	419671	
310604	419591	
310621	418782	
310650	418381	
310575	420135	
310655	418379	
310625	419003	
310661	419388	
310660	418582	
310639	419781	
310620	419076	
310599	419598	
310592	419072	
310549	419573	
310582	419162	
310614	418357	
310636	418234	
310615	419066	
310604	418887	
310620	418721	
310628	419014	
310588	419098	
310623	419926	
310616	419340	
310611	419436	
310635	419470	
310678	419671	
310616	419054	
310652	419493	
310617	419083	
310604	419673	
310633	419477	
310625	419011	
310601	418652	
310594	420018	
310639	418975	
310613	418708	
310645	418509	
310638	418800	
310600	419031	
310608	419466	
310641	418882	
310624	419647	
310628	420004	
310666	419214	
310643	419052	
310590	419754	
310626	419553	
310637	419428	
310666	419291	
310643	419300	
310625	419077	
310636	419802	
310666	418758	
310660	420038	
310662	419686	
310619	419309	
310673	418330	
310667	419662	
310677	419584	
310660	419280	
310621	419294	
310716	419565	
310655	418622	
310659	419801	
310658	419266	
310645	419115	
310683	417899	
310614	418912	
310596	418682	
310674	420053	
310658	419060	
310677	419248	
310672	418944	
310610	418107	
310609	419072	
310675	419082	
310695	419042	
310647	420410	
310612	419673	
310653	418149	
310633	418198	
310627	419941	
310643	419249	
310634	418820	
310665	418847	
310673	418605	
310679	419239	
310636	419254	
310659	418802	
310702	419075	
310641	418917	
310680	419092	
310650	419074	
310673	420046	
310725	419830	
310679	418566	
310632	418722	
310681	419654	
310595	418668	
310672	418623	
310703	419450	
310670	418733	
310664	417940	
310716	420132	
310665	418952	
310672	419197	
310700	418547	
310750	418816	
310690	418327	
310684	418855	
310711	419099	
310668	418405	
310675	418972	
310664	419554	
310691	420241	
310639	419283	
310676	419245	
310652	419828	
310659	419199	
310676	418296	
310677	418938	
310724	419073	
310740	419154	
310649	419247	
310675	418070	
310682	419027	
310736	418557	
310680	418845	
310712	418940	
310692	418771	
310699	418855	
310705	420561	
310700	418481	
310660	419603	
310660	418839	
310680	420042	
310640	419059	
310686	417942	
310663	419500	
310642	419107	
310708	418959	
310708	419288	
310686	418172	
310687	418883	
310628	419265	
310692	419643	
310720	419112	
310669	419240	
310711	418991	
310645	419374	
310723	418544	
310716	419149	
310705	418726	
310722	419173	
310734	420407	
310695	418520	
310716	418998	
310716	418244	
310699	418289	
310736	418697	
310765	419355	
310699	418868	
310672	419263	
310662	419342	
310741	418895	
310713	418445	
310674	419813	
310653	419128	
310649	418596	
310691	419027	
310669	419197	
310656	419174	
310689	418407	
310708	418640	
310709	418728	
310744	418553	
310701	419046	
310689	419159	
310654	419582	
310728	419499	
310739	418265	
310716	418851	
310671	418841	
310719	419159	
310700	419506	
310670	418775	
310707	419173	
310696	419431	
310702	419136	
310692	418115	
310724	418391	
310736	419689	
310739	418853	
310727	419084	
310640	419491	
310699	419201	
310702	418956	
310693	419612	
310745	418867	
310752	418090	
310648	418470	
310686	419564	
310700	418329	
310731	419311	
310726	419631	
310713	419220	
310715	419950	
310743	419968	
310753	419788	
310725	419522	
310722	418926	
310737	419470	
310691	419403	
310696	418886	
310665	418457	
310701	418810	
310720	418956	
310698	418513	
310683	418619	
310664	418813	
310710	419470	
310706	418562	
310732	418553	
310664	418601	
310740	419665	
310735	420290	
310720	419072	
310714	418982	
310730	419267	
310772	419358	
310699	419003	
310720	419283	
310707	419202	
310695	418754	
310670	419497	
310672	418956	
310715	418797	
310671	419024	
310705	419491	
310748	417895	
310728	418688	
310737	419043	
310746	419241	
310735	419085	
310731	419026	
310732	419636	
310798	419553	
310696	418911	
310700	419154	
310729	419104	
310687	418980	
310686	419556	
310704	419098	
310701	418821	
310707	419010	
310726	419201	
310756	418940	
310765	418939	
310740	419335	
310695	419299	
310723	418838	
310766	420117	
310727	417821	
310750	418551	
310711	418765	
310709	418945	
310716	418294	
310726	418349	
310780	419281	
310705	418478	
310715	418594	
310718	418697	
310701	419593	
310742	419441	
310704	418834	
310770	418717	
310765	418517	
310789	418499	
310800	418461	
310772	419353	
310744	419394	
310717	417882	
310703	418942	
310735	419243	
310740	418878	
310759	418392	
310706	418091	
310667	418392	
310723	419550	
310713	418827	
310733	418361	
310731	419325	
310736	419041	
310731	418346	
310776	418680	
310684	418676	
310754	419107	
310760	418590	
310720	418702	
310670	420254	
310704	417924	
310692	419560	
310750	419268	
310736	419507	
310688	419656	
310735	418143	
310710	418162	
310740	419558	
310790	418222	
310716	419123	
310763	418752	
310787	419311	
310698	419508	
310739	419550	
310723	418648	
310733	419769	
310751	417767	
310722	419523	
310744	418703	
310731	418437	
310694	419037	
310737	418599	
310714	418670	
310677	418720	
310732	419157	
310792	418557	
310759	418228	
310759	418566	
310755	418317	
310769	418778	
310767	418803	
310744	418911	
310677	418627	
310758	418612	
310736	418065	
310728	419415	
310760	419218	
310718	418410	
310705	419079	
310755	418828	
310751	417875	
310732	418701	
310741	419679	
310760	418479	
310816	418629	
310794	419470	
310814	419408	
310748	419208	
310749	419071	
310735	419403	
310718	418757	
310722	418844	
310774	418711	
310716	418430	
310799	418485	
310748	418436	
310787	418576	
310746	419322	
310729	419077	
310792	419799	
310772	419788	
310797	419050	
310737	418919	
310749	418785	
310698	420245	
310754	419186	
310743	418340	
310696	418966	
310763	418810	
310682	418495	
310722	419133	
310743	418882	
310710	418380	
310781	418017	
310745	418768	
310739	419692	
310760	418728	
310736	419150	
310806	418055	
310746	419001	
310770	418686	
310796	418583	
310781	418308	
310702	419322	
310745	418835	
310753	418285	
310695	419918	
310786	418850	
310767	418688	
310777	419175	
310751	418734	
310715	419648	
310737	418695	
310770	418980	
310811	418386	
310771	418873	
310769	418961	
310794	419441	
310773	418610	
310752	419254	
310800	417941	
310764	418856	
310725	418697	
310742	418592	
310721	418356	
310739	418480	
310747	418557	
310769	418871	
310737	419000	
310725	419093	
310772	419427	
310752	419415	
310741	419415	
310775	419719	
310736	419478	
310784	419699	
310712	418010	
310758	418214	
310708	419765	
310705	418775	
310767	418288	
310760	419066	
310744	419296	
310725	418924	
310766	419432	
310751	418217	
310738	418497	
310721	418612	
310776	419626	
310788	419770	
310755	418086	
310734	418908	
310762	419514	
310788	419134	
310731	418266	
310743	419234	
310718	419591	
310729	418150	
310758	417678	
310688	419333	
310744	419038	
310772	418554	
310721	419638	
310709	418858	
310743	419026	
310708	418927	
310736	419336	
310818	418986	
310776	418917	
310746	419115	
310734	418541	
310751	419052	
310753	419251	
310821	418831	
310767	418225	
310747	418585	
310793	419583	
310727	419304	
310772	418726	
310770	419241	
310740	419597	
310722	419295	
310819	418422	
310774	418703	
310781	419543	
310757	418958	
310793	419383	
310749	419457	
310757	418510	
310764	419250	
310761	418696	
310710	418893	
310752	419263	
310746	418604	
310704	419698	
310685	418716	
310767	419159	
310774	417317	
310743	418413	
310780	419680	
310754	418579	
310753	419354	
310718	419203	
310746	419713	
310728	419168	
310753	419033	
310709	419385	
310729	419840	
310710	419356	
310718	418167	
310713	419773	
310761	419398	
310717	419000	
310741	419335	
310734	419405	
310789	418491	
310722	418908	
310799	418992	
310750	420121	
310699	418825	
310765	418927	
310744	418571	
310767	419773	
310720	419069	
310781	419070	
310743	419480	
310703	418762	
310738	418427	
310736	418286	
310704	419593	
310754	418496	
310742	419976	
310777	419348	
310744	419816	
310743	418945	
310738	419016	
310713	418802	
310733	419319	
310791	418505	
310728	418586	
310742	419445	
310720	418812	
310703	419124	
310748	418498	
310737	418574	
310733	418910	
310724	418858	
310696	419547	
310718	418603	
310756	419589	
310716	418699	
310718	419699	
310714	418991	
310792	419110	
310675	418556	
310691	419180	
310772	419387	
310700	418993	
310698	418755	
310697	419249	
310724	419674	
310756	419540	
310741	418097	
310725	419020	
310673	419137	
310768	419545	
310742	419024	
310779	418627	
310799	418960	
310725	418836	
310754	419137	
310722	419297	
310708	418155	
310694	418849	
310688	417794	
310742	419255	
310748	418239	
310773	418942	
310705	418234	
310730	419414	
310711	419055	
310765	418609	
310799	418716	
310775	419064	
310736	419074	
310690	419212	
310750	419380	
310750	419565	
310723	418281	
310715	418971	
310702	419069	
310733	418010	
310715	419009	
310747	418321	
310717	418627	
310709	420005	
310737	418850	
310676	418881	
310718	418866	
310710	419108	
310783	418553	
310758	418497	
310733	419340	
310713	417775	
310716	418915	
310686	419016	
310759	418553	
310722	418595	
310674	418938	
310743	419278	
310731	418212	
310724	418136	
310731	418659	
310682	418764	
310702	418058	
310774	418252	
310713	418764	
310705	419135	
310752	419200	
310697	419143	
310687	418910	
310719	419628	
310739	418366	
310715	418031	
310703	419184	
310710	418758	
310724	418692	
310736	419163	
310729	418898	
310720	419284	
310715	418908	
310737	419570	
310723	419269	
310692	419840	
310751	418331	
310679	418307	
310694	418880	
310762	418471	
310699	419005	
310696	418931	
310687	418789	
310689	419996	
310664	419609	
310716	418739	
310699	418657	
310723	418503	
310770	419203	
310708	418697	
310681	418574	
310728	419285	
310762	418856	
310762	419189	
310735	418742	
310714	418493	
310687	419460	
310732	419182	
310740	418469	
310764	419650	
310702	418781	
310677	419324	
310663	419676	
310715	418975	
310684	418903	
310708	419315	
310742	419192	
310721	419240	
310705	418874	
310704	419251	
310724	419334	
310711	419738	
310711	418416	
310694	418430	
310671	418225	
310649	419271	
310738	419480	
310703	417927	
310700	418678	
310684	418820	
310710	418884	
310718	418850	
310735	419950	
310703	419178	
310724	417823	
310704	419053	
310724	419438	
310711	419120	
310735	419080	
310691	419109	
310732	419174	
310678	419449	
310689	419185	
310688	419378	
310673	417987	
310698	419560	
310746	419518	
310726	418230	
310727	419225	
310724	419557	
310662	419172	
310696	419060	
310748	418371	
310701	419156	
310771	418434	
310669	419028	
310651	419615	
310773	418776	
310700	418962	
310705	418687	
310719	419883	
310729	419140	
310673	419121	
310659	419709	
310683	418964	
310724	419792	
310679	418646	
310688	419034	
310622	419982	
310673	418462	
310669	419129	
310675	418205	
310682	418758	
310690	418886	
310711	418615	
310712	419183	
310654	418614	
310706	419471	
310642	419933	
310699	417993	
310692	418438	
310712	419794	
310687	419183	
310675	418794	
310684	418636	
310658	419354	
310731	419552	
310689	420079	
310696	419597	
310697	418338	
310680	419221	
310652	419534	
310664	419100	
310629	419145	
310631	419468	
310701	418935	
310633	419209	
310687	419141	
310655	419562	
310654	418978	
310664	418787	
310652	418564	
310692	419498	
310682	418752	
310672	418458	
310673	418529	
310668	418604	
310731	419344	
310695	418401	
310663	419676	
310647	419206	
310660	419023	
310635	419020	
310593	418711	
310633	418607	
310608	417826	
310628	419637	
310715	418578	
310679	419013	
310642	418320	
310689	420081	
310684	418565	
310716	419427	
310650	418544	
310619	418706	
310626	418257	
310637	419630	
310686	418706	
310619	418658	
310659	419130	
310634	418572	
310637	418904	
310643	418791	
310646	419060	
310645	418353	
310653	418697	
310700	419616	
310666	418994	
310706	418696	
310644	418642	
310704	418613	
310635	418794	
310637	418544	
310662	419281	
310670	418695	
310680	418749	
310588	418951	
310664	419815	
310691	418592	
310653	418470	
310653	419192	
310653	418585	
310636	419144	
310631	419594	
310708	418355	
310691	419964	
310699	418730	
310661	419031	
310663	419051	
310718	418766	
310660	418385	
310665	418904	
310674	419082	
310611	418890	
310619	419059	
310639	419725	
310576	418591	
310651	418746	
310716	418282	
310664	418679	
310678	418904	
310636	419080	
310624	418961	
310675	419360	
310672	418185	
310651	419147	
310628	418973	
310665	418270	
310650	418699	
310678	419341	
310648	420481	
310622	419365	
310668	418358	
310651	418779	
310655	418471	
310642	418828	
310710	418449	
310622	419100	
310647	419255	
310669	418893	
310661	419125	
310672	418895	
310597	418474	
310643	418657	
310613	419409	
310642	419565	
310682	418773	
310679	419460	
310644	419019	
310646	418233	
310638	419965	
310638	420057	
310620	419538	
310615	419397	
310688	419437	
310674	419301	
310685	419373	
310683	418403	
310635	420440	
310718	419300	
310632	418913	
310601	419619	
310598	419026	
310659	419114	
310652	418986	
310626	418662	
310626	419762	
310655	419470	
310664	418524	
310673	419457	
310624	419039	
310664	418024	
310625	419204	
310629	418876	
310677	419098	
310605	419204	
310646	418419	
310591	418601	
310612	418123	
310646	419011	
310645	418020	
310656	418626	
310643	418751	
310628	419069	
310631	417457	
310543	418973	
310628	419652	
310621	418631	
310649	419667	
310654	418909	
310658	418149	
310653	418296	
310597	419367	
310628	419365	
310631	418406	
310566	418946	
310639	419148	
310623	418386	
310711	418935	
310626	418617	
310631	419008	
310614	418794	
310622	419796	
310644	418813	
310624	419255	
310644	418652	
310688	419918	
310622	419305	
310629	418984	
310612	417981	
310682	419324	
310687	419002	
310626	418770	
310654	418036	
310601	418205	
310568	419828	
310625	418994	
310639	419200	
310617	417821	
310619	420041	
310640	417915	
310597	419222	
310647	418804	
310655	418865	
310649	419066	
310633	419004	
310657	419427	
310592	419143	
310673	417936	
310621	419137	
310636	418872	
310685	418842	
310660	418905	
310650	418255	
310619	419457	
310615	418878	
310621	418872	
310656	418283	
310616	418548	
310648	420105	
310650	418555	
310595	419166	
310662	419219	
310657	418240	
310601	419248	
310622	418519	
310650	418602	
310602	418919	
310619	418924	
310587	418515	
310638	418947	
310611	419463	
310654	418158	
310562	418907	
310644	419038	
310671	420121	
310662	418421	
310669	419071	
310669	419412	
310674	418769	
310642	419374	
310641	417867	
310614	419308	
310613	418825	
310647	419260	
310605	418610	
310627	418768	
310602	419276	
310673	419284	
310649	418335	
310582	419556	
310658	419122	
310625	418724	
310574	419283	
310678	419497	
310591	419410	
310588	419415	
310667	419090	
310573	418250	
310579	418332	
310538	419759	
310642	419359	
310637	418530	
310630	419498	
310613	418920	
310648	418985	
310619	418593	
310651	419140	
310632	418452	
310622	419453	
310591	418963	
310636	418576	
310669	419025	
310629	419975	
310636	418014	
310617	418239	
310614	418365	
310630	418105	
310612	419064	
310636	419051	
310609	418801	
310605	418538	
310635	419770	
310646	418197	
310573	419105	
310619	419588	
310649	418191	
310616	419811	
310666	418811	
310653	419372	
310683	419057	
310662	419937	
310623	418349	
310619	418800	
310609	418682	
310625	419393	
310638	418496	
310594	418482	
310608	418538	
310581	418649	
310639	419226	
310626	417721	
310657	419573	
310663	418487	
310636	419551	
310631	419234	
310674	419688	
310570	418964	
310610	419054	
310645	419526	
310635	418642	
310623	418895	
310574	417734	
310624	418756	
310617	419129	
310613	418806	
310611	418694	
310607	418655	
310675	418136	
310630	418699	
310609	419587	
310668	418860	
310613	418784	
310630	419729	
310637	418462	
310646	418437	
310608	419351	
310575	418902	
310618	418562	
310587	419171	
310569	418757	
310585	418461	
310608	419253	
310566	418368	
310584	419790	
310623	418502	
310626	419271	
310623	418905	
310680	418122	
310623	417883	
310691	419076	
310622	419033	
310607	417282	
310601	419077	
310603	418845	
310590	419164	
310574	417915	
310590	418934	
310595	419054	
310622	419041	
310628	419208	
310651	418981	
310616	419089	
310658	417985	
310645	418460	
310614	418567	
310640	418044	
310624	418128	
310627	418775	
310593	419032	
310599	418952	
310548	418676	
310644	419129	
310670	418629	
310662	419437	
310618	419199	
310633	419318	
310591	419087	
310627	418233	
310633	418432	
310633	419805	
310665	418720	
310666	419297	
310627	418904	
310582	419117	
310585	419232	
310629	418829	
310604	418353	
310649	419170	
310657	419308	
310630	418358	
310618	419895	
310591	419693	
310592	418996	
310601	419053	
310595	418458	
310641	419203	
310622	419461	
310664	419186	
310717	419046	
310633	418725	
310661	418891	
310681	419337	
310599	419630	
310635	419135	
310600	419172	
310589	418053	
310588	419633	
310596	418220	
310601	418583	
310635	417984	
310639	418148	
310624	419980	
310677	419122	
310655	419208	
310628	419300	
310676	418925	
310715	418590	
310665	418881	
310632	418027	
310656	418828	
310668	418660	
310601	418416	
310603	418415	
310639	418668	
310628	418433	
310633	419440	
310616	418936	
310715	419302	
310653	419086	
310660	418738	
310630	417618	
310654	418232	
310647	418635	
310672	418777	
310673	419022	
310626	418115	
310604	419600	
310632	418798	
310651	418315	
310631	418555	
310665	419540	
310615	419061	
310610	418968	
310643	418850	
310592	417987	
310645	418998	
310587	418970	
310665	418744	
310684	418432	
310638	419158	
310664	419617	
310661	419167	
310627	419843	
310611	418375	
310606	419677	
310615	419155	
310626	418878	
310600	418484	
310631	418653	
310607	418005	
310648	419119	
310623	418937	
310673	418833	
310686	418969	
310696	419324	
310702	418623	
310675	418922	
310678	418633	
310663	418368	
310630	418704	
310618	418151	
310600	418144	
310666	418368	
310680	418947	
310660	419482	
310643	418702	
310667	418751	
310653	419134	
310645	419413	
310636	418975	
310687	418506	
310669	418986	
310658	420252	
310596	418332	
310666	418978	
310636	418017	
310650	418879	
310620	418704	
310620	419038	
310650	418186	
310651	418240	
310607	419030	
310706	417926	
310705	418983	
310664	418136	
310683	417895	
310673	419310	
310683	418559	
310683	418786	
310636	419111	
310711	419710	
310688	418878	
310668	418816	
310679	418512	
310669	418561	
310607	418222	
310649	418756	
310705	418525	
310635	418600	
310670	418651	
310610	419217	
310643	419150	
310641	419042	
310692	418812	
310690	419084	
310652	418889	
310696	418484	
310682	418611	
310663	418328	
310665	418118	
310638	419228	
310631	418786	
310675	418850	
310632	419635	
310654	418764	
310648	418546	
310710	419226	
310683	418155	
310632	419096	
310655	418914	
310681	418317	
310682	418653	
310623	418778	
310700	418965	
310663	419169	
310700	419433	
310663	417979	
310682	418674	
310687	418904	
310628	418232	
310656	419384	
310690	418480	
310656	418257	
310623	418806	
310657	418719	
310681	418395	
310675	418788	
310631	418615	
310684	419442	
310706	418687	
310724	419985	
310680	419126	
310698	419153	
310706	419474	
310685	418399	
310659	419004	
310632	418921	
310637	419112	
310661	419033	
310626	418929	
310676	419142	
310643	419168	
310729	419005	
310692	419011	
310696	418159	
310680	419284	
310664	418925	
310713	418658	
310698	419503	
310649	418808	
310669	418418	
310705	418505	
310617	418785	
310683	419699	
310665	418025	
310674	418733	
310679	419398	
310697	417911	
310692	419204	
310691	419235	
310691	418640	
310698	419754	
310677	418625	
310744	418463	
310689	419325	
310651	419051	
310636	419329	
310664	419007	
310623	418643	
310676	419070	
310674	419254	
310645	418858	
310700	419311	
310749	419187	
310685	418765	
310687	418508	
310665	418511	
310734	418535	
310677	419094	
310684	418834	
310689	419474	
310715	419210	
310678	418204	
310711	419480	
310641	418871	
310727	419321	
310688	419647	
310667	419303	
310669	419039	
310696	419268	
310659	418878	
310720	418521	
310738	419423	
310736	419176	
310754	418974	
310700	418226	
310685	419291	
310679	418691	

 Comment
˜åD