Version  	 2.0
 Type  	analog
 Azimut 	180
 Exceed 	40
 Alpha  	20
 Quantity of cycles 	500
 Quantity of strobes 	2001
 Strobe 	10
 Delay  	0
 Time begin 	18:25:32
 Time end   	18:25:57
 Data
309907	412425	
309961	412042	
309670	412478	
310076	412282	
309921	457440	
309800	417531	
310838	414659	
318060	410918	
313130	413977	
312080	414131	
311465	411175	
310615	412664	
310339	413693	
310269	413059	
310152	413098	
310023	412451	
309951	410773	
309836	412499	
309917	412208	
309853	411975	
309882	412741	
309853	411798	
309764	412143	
309873	413483	
309907	413011	
309907	411523	
309900	412545	
309806	411940	
309836	412239	
309873	412185	
309845	412047	
309831	413329	
309837	412865	
309826	412462	
309826	412756	
309864	412636	
309878	412070	
309780	412284	
309805	412746	
309862	411715	
309837	412575	
309864	412070	
309834	411932	
309829	412972	
309879	412295	
309897	412907	
309915	413195	
309885	412530	
309923	413058	
309857	412972	
309877	412580	
309935	412356	
309857	411950	
309942	411971	
309890	413590	
309854	412510	
309950	411661	
309926	411821	
309918	412380	
309976	412449	
309926	412568	
309989	412237	
309919	411884	
309953	412068	
309936	412320	
309906	412707	
309965	411700	
309937	411880	
309940	412106	
309950	412022	
309917	411940	
309942	411660	
309955	412374	
309927	412450	
309973	413133	
309977	412169	
309968	411859	
309908	411822	
309910	411457	
309938	412618	
309921	413024	
309926	411644	
309941	413077	
309905	412488	
309894	412612	
309944	412505	
309970	412733	
309919	411333	
309929	411862	
309960	411955	
309888	413103	
309919	412991	
309955	412455	
309912	412231	
309963	413187	
309952	411830	
309956	412028	
309935	411965	
309897	412550	
309972	412779	
309937	411612	
309922	412469	
309890	411985	
309939	412312	
309908	412258	
309946	412461	
309933	412968	
309932	412797	
309936	412671	
309972	412466	
309906	412818	
309955	413256	
309914	412338	
309930	411864	
309941	412018	
309939	413286	
309917	412523	
309944	412223	
309938	412602	
309903	411595	
309941	412562	
309913	412378	
309898	412510	
309931	412490	
309930	411668	
309925	412814	
309901	413181	
309882	412058	
309951	411664	
309922	412951	
309894	411315	
309902	412408	
309858	412708	
309941	412763	
309876	412000	
309904	411470	
309975	412827	
309911	412950	
309922	412291	
309923	412519	
309922	412715	
309851	411778	
309939	412399	
309917	412276	
309930	411921	
309907	412634	
309894	411954	
309944	412233	
309885	411493	
309890	411672	
309870	412151	
309888	412714	
309911	411635	
309878	412162	
309942	412452	
309933	411252	
309904	412313	
309931	411905	
309875	411873	
309885	412229	
309874	411987	
309885	411334	
309922	411790	
309903	412408	
309883	412096	
309910	412768	
309887	412518	
309889	412589	
309898	412531	
309866	412781	
309923	413281	
309900	411851	
309893	411725	
309862	412854	
309911	412595	
309891	412067	
309927	412368	
309924	411855	
309897	411873	
309925	412870	
309925	411961	
309928	412895	
309893	412645	
309951	411711	
310238	412273	
310557	412251	
310748	412456	
310968	413041	
310829	413052	
310794	412129	
310546	412089	
310469	412894	
310285	411847	
310160	412287	
310039	412330	
309989	412413	
309995	412283	
309899	412954	
309889	411881	
309903	413319	
309878	412462	
309892	412413	
309934	413109	
309880	411995	
309893	412943	
309895	412178	
309832	412036	
309875	412138	
309891	411751	
309857	412110	
309883	412598	
309949	412695	
309933	411890	
309908	412481	
309857	412747	
309911	413289	
309861	411313	
309897	412611	
309871	412188	
309783	413123	
309841	412230	
309870	412025	
309848	411666	
309870	412395	
309834	412397	
309901	412352	
309850	411962	
309921	412016	
309864	412094	
309845	411731	
309894	412003	
309883	412768	
309849	413230	
309867	412539	
309876	412773	
309884	412119	
309848	411893	
309877	412040	
309834	412624	
309868	411717	
309851	411823	
309904	411757	
309873	413109	
309909	411758	
309907	412367	
309912	412639	
309852	413027	
309866	412718	
309873	412347	
309829	413057	
309886	412416	
309870	412583	
309887	413630	
309813	411601	
309790	411965	
309875	412551	
309914	412238	
309919	412765	
309834	412866	
309899	412255	
309871	410668	
309876	412497	
309896	412761	
309841	412225	
309863	412488	
309870	411672	
309877	412557	
309855	412383	
309836	412337	
309833	411332	
309871	411890	
309862	412343	
309873	412261	
309877	412398	
309874	411703	
309843	413092	
309878	412501	
309833	413557	
309862	411839	
309921	411275	
309892	412235	
309812	412378	
309858	411766	
309851	412529	
309878	412392	
309893	411475	
309868	412174	
309839	411893	
309834	412245	
309848	412696	
309865	413055	
309849	411783	
309813	413083	
309822	412951	
309903	412321	
309889	412262	
309886	413202	
309826	412939	
309908	412395	
309860	412083	
309851	411468	
309918	412492	
309887	411588	
309836	411783	
309807	410809	
309860	412019	
309899	412953	
309890	412608	
309872	412076	
309901	412149	
309848	411916	
309906	412201	
309926	412005	
309918	412179	
309872	412856	
309866	411988	
309889	411920	
309851	413202	
309829	411878	
309862	412140	
309844	412415	
309913	412670	
309905	412707	
309870	412648	
309861	412389	
309883	412036	
309888	411948	
309864	411921	
309832	411377	
309802	412098	
309854	412068	
309869	412300	
309946	411905	
309826	411875	
309855	412015	
309851	412595	
309845	411938	
309820	412263	
309865	412497	
309839	411676	
309871	411746	
309854	411952	
309850	413049	
309865	412865	
309836	412081	
309868	412801	
309906	412208	
309820	413330	
309897	412502	
309818	412714	
309856	412764	
309880	412922	
309834	412275	
309868	412477	
309903	411696	
309866	412102	
309840	411865	
309836	412151	
309872	410932	
309839	412379	
309892	412330	
309906	411766	
309841	412652	
309867	412152	
309856	411467	
309879	412245	
309884	412387	
309867	411252	
309850	412538	
309856	412129	
309900	412001	
309864	412193	
309814	412299	
309889	412513	
309809	412266	
309858	411914	
309865	411833	
309827	412759	
309857	411761	
309865	412663	
309865	412396	
309844	411961	
309862	411869	
309880	412206	
309920	412494	
309881	412711	
309843	412056	
309829	411647	
309848	412554	
309845	411707	
309852	412588	
309831	411120	
309860	411633	
309876	412219	
309809	412731	
309908	412466	
309789	412947	
309846	412813	
309856	410679	
309858	412393	
309906	411843	
309879	412050	
309885	412228	
309840	411527	
309819	413045	
309871	411300	
309801	412517	
309858	412561	
309875	412500	
309875	412179	
309878	412002	
309888	411996	
309896	412124	
309885	411618	
309881	412434	
309893	412552	
309918	412991	
309874	412419	
309877	412494	
309811	411866	
309803	412449	
309857	411813	
309894	412837	
309919	411566	
309874	411527	
309880	412052	
309927	412312	
309879	412048	
309849	412172	
309820	412339	
309881	412124	
309872	411844	
309872	412696	
309867	412721	
309845	412368	
309825	412131	
309874	411892	
309875	412241	
309872	412556	
309891	412403	
309886	411965	
309870	412520	
309861	412513	
309856	413081	
309926	412018	
309881	411425	
309860	412722	
309856	412576	
309849	411853	
309930	412455	
309913	411285	
309876	412438	
309862	411248	
309845	412470	
309868	412316	
309873	412769	
309906	411408	
309872	411926	
309914	412339	
309919	412874	
309847	412867	
309872	411950	
309919	411846	
309919	412181	
309907	413647	
309896	413221	
309879	413076	
309887	412394	
309839	412413	
309859	412535	
309879	412437	
309869	411533	
309880	412606	
309901	413015	
309889	412271	
309851	412955	
309893	413441	
309869	412850	
309893	412180	
309865	411972	
309876	411988	
309926	412082	
309858	412229	
309898	412192	
309905	412531	
309894	411694	
309942	411590	
309904	412800	
309903	412162	
309879	412628	
309908	411889	
309844	413184	
309891	411702	
309920	412383	
309881	411726	
309905	413079	
309967	411692	
309917	412239	
309909	411748	
309887	411746	
309896	411779	
309844	412640	
309868	411227	
309887	411761	
309939	412311	
309920	411982	
309899	412643	
309900	412303	
309894	411377	
309876	412126	
309902	411772	
309862	412033	
309876	412097	
309909	411977	
309902	412258	
309930	412536	
309896	411729	
309923	412084	
309899	412298	
309917	412396	
309837	412751	
309914	412480	
309890	411782	
309861	412763	
309870	412142	
309883	411771	
309906	412297	
309881	411929	
309924	411788	
309904	412387	
309900	411661	
309882	412081	
309887	412276	
309903	412476	
309894	412406	
309907	411400	
309940	412388	
309898	412515	
309872	411676	
309905	412589	
309941	412445	
309905	412612	
309940	412611	
309889	411503	
309897	412848	
309937	412097	
309951	411409	
309935	412118	
309835	411969	
309887	412764	
309877	412118	
309934	411177	
309890	412260	
309914	413254	
309856	412798	
309930	412336	
309926	412567	
309915	412416	
309886	411534	
309963	412632	
309882	411964	
309931	411611	
309925	412710	
309928	412668	
309870	411655	
309921	412070	
309877	412559	
309946	411931	
309905	412175	
309898	413190	
309899	412856	
309895	411989	
309868	412508	
309861	411742	
309943	411842	
309902	411969	
309936	412827	
309928	411212	
309935	412135	
309901	412653	
309947	411621	
309889	412368	
309878	412994	
309954	412597	
309932	412821	
309913	411768	
309901	412617	
309920	412572	
309908	412547	
309825	412448	
309915	412576	
309913	412003	
309875	412047	
309927	412295	
309897	411816	
309917	412448	
309969	412026	
309877	412939	
309930	412736	
309892	412223	
309882	412110	
309933	412993	
309921	413369	
309905	413164	
309924	411413	
309903	411891	
309909	412200	
309809	411969	
309778	411547	
309878	412373	
309890	412742	
309947	411806	
309917	412663	
309903	411871	
309879	412081	
309904	412329	
309935	411492	
309920	412430	
309893	411937	
309968	413321	
309847	413102	
309937	413463	
309891	411769	
309931	412065	
309884	412114	
309901	412014	
309914	411977	
309914	411907	
309864	412309	
309885	412356	
309876	412631	
309919	412195	
309926	412384	
309934	411846	
309848	411243	
309918	412577	
309878	412045	
309891	411240	
309915	411948	
309868	411826	
309915	411897	
309895	412082	
309945	412422	
309845	412182	
309915	412378	
309881	411624	
309910	412790	
309903	412766	
309932	412121	
309881	412429	
309884	412951	
309938	412095	
309896	412876	
309869	412416	
309937	412205	
309875	413006	
309859	411547	
309961	411704	
309876	412377	
309892	412706	
309865	412479	
309912	412093	
309878	411289	
309926	411435	
309908	411733	
309899	412365	
309934	412579	
309923	411812	
309911	413319	
309906	412157	
309854	412888	
309906	411922	
309854	412430	
309918	412374	
309914	412482	
309983	411411	
309890	411726	
309918	411924	
309906	412399	
309922	411864	
309961	411909	
309900	412546	
309937	411857	
309878	411947	
309934	412046	
309908	412932	
309936	412246	
309927	412038	
309900	412417	
309944	412737	
309919	411687	
309937	412025	
309941	412373	
309937	411363	
309886	412783	
309962	412810	
309939	412496	
309957	412261	
309914	411559	
309967	411798	
309915	411604	
309906	411953	
309909	412651	
309932	412204	
309915	412473	
309928	412075	
309920	412293	
309920	412481	
309917	411756	
309828	411321	
309998	412651	
309925	411965	
309935	411914	
309925	412124	
309927	412153	
309948	412958	
309977	412033	
309975	412284	
309981	412355	
309935	413235	
309942	412704	
309891	412710	
309914	412117	
309954	412012	
309929	413013	
309903	411973	
309947	412819	
309879	412159	
309881	412084	
309925	412179	
309884	412916	
309965	412368	
309954	411429	
309911	412322	
309940	412891	
309915	412660	
309934	412266	
309970	412276	
309946	412995	
309947	412504	
309944	412510	
309880	412248	
309945	412218	
309950	412230	
309922	412083	
309983	412613	
309933	411773	
309931	412328	
309914	411635	
309963	412791	
309991	411893	
309974	412509	
309986	412097	
309936	411410	
309911	412764	
310000	411248	
309970	412563	
310007	412322	
309962	411375	
309999	412419	
309936	411458	
309972	411916	
309949	412121	
309954	412084	
309947	412207	
309953	412002	
309959	412538	
310013	412661	
310022	412559	
309971	411426	
309992	412858	
309935	412105	
309947	412605	
309963	411907	
309958	411039	
309960	410991	
309947	412521	
309976	412833	
309998	412206	
309962	411955	
309990	412596	
309926	412331	
309965	412332	
310005	412783	
309951	412516	
309920	412752	
309967	412390	
309963	411935	
309953	411985	
309947	411835	
310001	413401	
309977	412162	
309960	412154	
310036	412341	
309960	411595	
309949	413112	
309949	413517	
309912	411039	
309963	412062	
309996	412810	
309941	412185	
309992	412182	
309921	412511	
310006	412685	
309971	412049	
309981	412025	
309956	412410	
309968	412311	
309994	413148	
309976	412458	
309967	412402	
309944	412467	
309953	412722	
309959	412095	
309961	411950	
310014	412370	
309984	411587	
309992	411355	
309960	411204	
309988	413365	
309958	412315	
310021	412263	
309987	412524	
309951	411889	
309934	411124	
309987	411024	
309946	412092	
309954	412207	
310001	412365	
310026	412464	
309967	412140	
309960	412014	
309971	411442	
309912	411923	
309960	411895	
309962	411949	
309976	412363	
310018	412606	
309996	412521	
309975	412083	
309945	412834	
309951	411511	
309953	411784	
309988	412198	
309922	412009	
309995	411166	
309989	412269	
309957	413088	
310027	411789	
309969	412047	
309983	412042	
310008	412782	
309955	411315	
309968	412455	
309995	413301	
309979	413197	
310004	412910	
309997	412917	
310015	412063	
310008	411692	
309971	412451	
309955	410876	
309966	412560	
310008	412522	
309988	412538	
310012	412158	
309920	413385	
309981	412665	
310028	411579	
310003	412107	
309982	413171	
309997	412528	
309989	412754	
309973	412169	
310052	412119	
309934	412151	
309961	412779	
309958	412410	
309981	412075	
310020	411954	
309962	411532	
309981	411844	
309994	412211	
309974	412716	
309979	411860	
309944	412253	
309959	412525	
309998	411558	
310045	411788	
309979	411980	
310046	411275	
309932	412101	
309984	411472	
309972	412493	
310008	412337	
309935	412924	
309994	412092	
310034	411362	
309987	411802	
309939	412470	
309967	412489	
309985	412270	
309961	412522	
310004	411582	
309970	411572	
309985	412830	
309962	411976	
309985	411517	
309942	412440	
309990	411736	
309958	412018	
309981	412302	
309943	411912	
309972	412216	
309984	412568	
309940	412356	
309943	411728	
309972	412167	
310007	412258	
310019	412532	
310030	412460	
310004	412475	
309964	411614	
309952	412378	
310010	411921	
309978	411957	
309905	411381	
309945	411864	
309972	412096	
309983	411819	
309986	411882	
309987	411829	
310040	412140	
309980	412420	
309963	412758	
309959	411431	
309972	412764	
309958	412242	
309986	412010	
309971	411559	
309961	412344	
309997	412307	
310022	412674	
309999	411326	
310015	411992	
309971	411949	
309988	412918	
309949	412361	
310006	411369	
309983	412383	
309988	412319	
309988	412595	
310027	412549	
310003	411987	
309975	411961	
310001	412307	
310013	412793	
309988	411767	
309926	412465	
310034	412876	
309999	411915	
309952	411921	
309945	411807	
309891	411784	
310013	411771	
309997	411626	
309973	411888	
310017	412777	
309990	412090	
310013	412100	
310028	412945	
310010	412749	
309984	412055	
310038	412412	
309946	412651	
310015	411677	
309980	411287	
309994	411040	
309941	411697	
309980	411812	
310011	412256	
309972	412422	
310006	412272	
309977	412429	
309976	411869	
310019	411282	
309942	411941	
309952	411782	
309976	411593	
309975	413079	
309995	410954	
310008	412461	
310008	412284	
310019	412113	
309971	412275	
309985	412209	
310008	412987	
309966	413206	
309988	411541	
309987	412065	
310005	412762	
310034	412406	
310019	412191	
309954	412153	
310006	411617	
309989	412344	
310002	411967	
309972	411809	
309997	411732	
310051	412414	
309995	412449	
309998	412133	
310046	412180	
309986	411596	
309994	412910	
309971	412503	
310033	411457	
310013	412205	
310018	411981	
310034	412227	
310011	411861	
310067	412191	
310008	411771	
310012	412535	
310027	411699	
309998	412192	
309986	412227	
309960	411402	
309994	411986	
310019	412271	
310098	412446	
310012	411292	
310012	412554	
310029	411348	
310000	411937	
310010	411933	
309987	412577	
310082	412629	
310004	411267	
309980	412643	
310022	411778	
310054	412289	
309981	412575	
310019	412395	
310025	411483	
309954	412109	
310041	412001	
310007	411539	
310004	411970	
310011	412353	
309978	412734	
310043	412848	
310004	412125	
310045	412080	
309971	413129	
310025	412982	
309993	412374	
310006	412983	
310026	412588	
309963	411083	
310015	411503	
309972	411884	
310002	412110	
310017	412053	
310025	411665	
309993	412357	
309995	412025	
310026	410864	
309991	412499	
310020	411253	
310021	411662	
310042	412003	
310023	411341	
310016	412338	
309985	411812	
310044	411650	
310047	412364	
310004	411482	
310029	411248	
310024	411976	
310014	411880	
310027	411667	
310041	412744	
310051	411996	
310003	413056	
310004	412026	
309980	411823	
309992	412681	
310011	412040	
309984	412302	
310055	412171	
310005	412270	
310031	411899	
310000	411540	
309980	411791	
309984	412573	
310024	411397	
310020	411267	
310001	411677	
309976	412198	
309967	412258	
310055	411746	
309987	412207	
310055	412725	
309995	411930	
310000	412256	
309992	411611	
309984	412764	
310011	411526	
310060	412263	
310047	412304	
310033	411966	
310029	412483	
309950	412021	
309962	411822	
309991	412170	
310013	411816	
310051	412047	
310014	410946	
309996	411619	
310000	413086	
310022	412832	
310033	411609	
309946	413183	
309998	413360	
310025	412037	
310022	412244	
310034	412333	
309993	412292	
310006	412051	
309953	411997	
310051	412519	
309995	411534	
310018	412463	
310041	412326	
310006	412320	
310014	412065	
309985	412039	
309993	411298	
309987	411226	
309955	412868	
310023	411952	
310027	412421	
309982	412581	
310016	411646	
309952	411917	
310018	412057	
310028	411968	
309965	412038	
309980	412332	
310057	412043	
310038	412168	
310054	411669	
310003	412316	
309981	412189	
310070	412187	
310108	412803	
310032	412450	
309978	412452	
309987	411570	
309971	412193	
310020	412473	
309982	411997	
310038	411976	
309996	412145	
310030	411918	
309998	411556	
309992	411677	
310010	412542	
310006	411996	
310023	412750	
310014	412313	
310058	412810	
310016	412258	
310015	411752	
310025	412274	
309972	412382	
309988	412875	
309983	411875	
309995	411893	
309951	412347	
310023	413049	
309992	412017	
310025	411535	
309998	411752	
309961	411534	
309999	411653	
310024	412179	
309956	411500	
309981	412090	
310075	411781	
310010	411856	
310018	412073	
310043	412181	
309966	411586	
309992	412178	
309978	411807	
309980	412448	
309979	411742	
310022	412380	
309925	412632	
310004	411845	
309970	411974	
310006	411311	
310009	411756	
310016	412456	
309977	412928	
310008	411353	
309946	411171	
309977	411499	
310022	412311	
309980	412551	
309989	411782	
309970	412612	
309955	411734	
309995	411588	
309979	412476	
309970	412022	
310057	413124	
310002	411490	
310013	412222	
309991	411890	
309955	411941	
310054	412380	
309997	411311	
310014	411801	
309998	413181	
310000	412548	
310002	412709	
310040	411548	
309984	411536	
309998	412313	
310020	412000	
309951	412261	
310012	412045	
310013	411465	
309988	411874	
309960	412071	
310006	411579	
309966	411725	
309983	412417	
309988	412152	
310014	412294	
310000	412262	
309984	412356	
310059	412307	
310028	411256	
309995	412080	
309959	412731	
309970	411794	
309961	412151	
309999	411477	
310026	411881	
310026	412225	
310026	411086	
310018	413598	
309992	411936	
310026	411497	
310005	411535	
309994	411215	
310016	412322	
309962	411408	
310001	410910	
309965	410920	
310005	411570	
310006	411880	
309990	411433	
310005	412709	
310025	411350	
309989	413260	
310022	412453	
310020	411349	
309986	410971	
310077	412224	
309990	411958	
310010	411866	
310022	411598	
309959	411988	
309953	412455	
310013	412716	
309973	411785	
310012	412127	
310003	411869	
310023	411722	
310025	411724	
309997	411133	
309985	411518	
309941	411760	
309989	411981	
309996	412258	
309996	411997	
309973	412814	
310071	412467	
310028	412743	
310036	411886	
310029	411489	
309967	412386	
309983	411933	
309964	411702	
309986	411824	
309975	411559	
309983	411645	
310003	412596	
310007	412252	
309998	411589	
310014	412185	
309966	412427	
310001	412557	
310002	412916	
309960	411699	
309969	412697	
309985	412424	
309966	412438	
309952	411408	
310011	412094	
309983	411677	
310002	412028	
310031	412236	
310009	411368	
309971	412226	
309988	411856	
310002	412355	
309986	412583	
310015	412502	
310049	411111	
310033	411956	
310013	412617	
309956	412330	
309978	412525	
309983	412351	
309985	412243	
309994	413063	
309975	411874	
310011	412425	
310030	411400	
309975	411862	
309986	412586	
309949	412950	
310003	411499	
310025	410875	
309957	411651	
310036	411080	
309973	412656	
310007	412571	
309993	411509	
309984	412506	
310027	411981	
309992	412286	
309959	412115	
309993	412545	
309996	412735	
310025	411445	
310010	412409	
309989	411780	
309962	411555	
309989	411633	
310039	411932	
309992	412933	
309994	412207	
310028	412335	
310008	411799	
310044	412691	
309965	411761	
309967	411389	
310043	411778	
309994	411199	
310007	412413	
310005	411333	
309996	411808	
310017	411405	
309983	412139	
310035	412364	
309960	412496	
310002	411922	
310001	411713	
310013	411659	
310053	412090	
310009	411564	
309968	412504	
309962	412329	
310002	411712	
309951	412921	
309948	411032	
309957	412775	
309971	412493	
309949	411892	
310018	410881	
310003	412204	
309982	411567	
309967	411882	
309953	411995	
309972	411531	
310028	411871	
309999	411783	
310024	412355	
309970	412220	
309976	412451	
309990	412645	
309978	412307	
309915	411184	
309975	412014	
309955	411779	
309981	412537	
309997	411562	
309971	411071	
309964	411823	
309988	410921	
310009	411432	
309985	411809	
309987	411277	
309971	411690	
309927	412116	
309964	412502	
309958	411140	
309974	412016	
309941	412081	
309947	411672	
309976	411728	
309996	411758	
309956	412048	
309981	411712	
309983	412215	
309967	411244	
309947	412009	
309969	411061	
309954	411691	
309990	411490	
310008	412358	
309996	411490	
309992	411941	
309970	412292	
309952	411011	
309939	412458	
309952	411795	
309922	411823	
309975	412835	
309943	411683	
309982	412712	
309929	412452	
309988	412163	
309982	411424	
309979	411454	
309956	412124	
309967	411575	
309995	411918	
309982	411012	
309969	411875	
309955	412120	
309954	411910	
309952	412356	
309962	411337	
309960	412327	
309936	412527	
309964	411396	
309906	412030	
309960	412635	
310000	411133	
310043	411823	
309982	412998	
309966	411973	
309949	412224	
309974	411956	
309979	411732	
309956	411219	
309960	411322	
309987	411471	
309974	412376	
309988	411819	
310012	412479	
309925	412741	
309962	412558	
309945	411629	
309957	411616	
309965	412405	
309932	412025	
310001	411382	
309944	412764	
310009	412860	
309997	411338	
309977	411418	
309944	412181	
309995	412137	
309931	411840	
309930	412488	
309979	411692	
309983	411302	
309971	412053	
309934	411931	
309971	411603	
309918	411338	
309952	412674	
309964	412102	
309970	412583	
309933	411918	
309980	411930	
309987	412367	
309932	412472	
309970	412383	
309942	412358	
309965	412399	
309941	411506	
309922	411761	
309912	412651	
309956	412197	
309982	411187	
309919	411436	
309975	412920	
309979	413018	
309959	411946	
309998	411900	
309942	411680	
309948	412196	
309931	412264	
309959	412119	
309960	412347	
310001	412015	
309956	412234	
309968	412394	
309936	411998	
309976	412218	
310016	411459	
309939	411640	
309921	412174	
309944	411642	
309979	412200	
309977	412783	
309992	412069	
309989	411630	
309964	412428	
309960	411724	
309966	412206	
309927	412576	
309968	412147	
309991	411617	
309944	411255	
309971	412350	
309942	412116	
309970	411814	
309957	412294	
309976	412218	
309951	411101	
309948	412332	
309965	412319	
310017	412310	
309984	412456	
309976	411860	
309976	411740	
309998	411836	
309984	411584	
309915	412151	
309946	412323	
309972	411568	
309921	410979	
309964	412304	
309958	412299	
309967	412772	
309988	411414	
309975	411821	
309973	411872	
309964	413348	
309956	412133	
310021	411646	
310000	411847	
309977	412811	
309978	412697	
309939	411898	
309955	411603	
309922	412524	
309958	411851	
309937	412048	
309947	411753	
309971	412109	
309909	411842	
309967	412304	
310000	411375	
310012	411675	
309960	412043	
309973	412012	
309985	412321	
309965	412176	
310021	412066	
309920	411986	
309971	412024	
309934	411240	
309915	412735	
309992	412598	
309981	411459	
309997	412315	
310000	412300	
309988	411536	
309949	412813	
309951	411877	
309986	411910	
309939	411766	
309997	412436	
309957	412199	
309932	412079	
309950	412565	
310006	411996	
309995	412164	
309945	411738	
309916	411506	
309950	412070	
309931	411805	
309997	411516	
309897	412448	
309994	411863	
309948	412093	
309955	412417	
309947	411607	
309958	411498	
310016	411083	
309964	411563	
309978	412022	
309961	411899	
309974	411359	
309934	411432	
309996	412337	
309976	411394	
309964	411684	
309974	411769	
309944	411850	
309937	411443	
309956	412118	
309918	412327	
309934	412572	
310002	411564	
309940	411789	
310010	412449	
309977	411267	
309967	411586	
309955	411981	
309954	412318	
309935	411772	
309943	412081	
309941	411901	
309960	411538	
309885	412121	
309938	412816	
309958	411586	
309965	411926	
309932	412300	
309958	412811	
309969	412239	
309994	412658	
309981	411818	
309976	412133	
309968	411736	
309973	412442	
309942	411441	
309961	411819	
309945	412547	
309969	411528	
310016	411978	
309928	411856	
309976	412489	
309965	411603	
310013	412353	
309912	412083	
309924	410808	
309991	412198	
309981	412380	
310055	411367	
309988	412550	
309987	412158	
309976	412655	
309942	411268	
309947	412200	
309896	411788	
309925	412150	
309989	411043	
309924	412559	
309958	412774	
309924	412454	
310013	411839	
309914	412378	
309939	411958	
309974	411766	
309988	411472	
309963	412219	
309955	412219	
309945	411893	
309902	412366	
309919	412260	
309922	411621	
309955	411984	
309921	411892	
309952	412546	
309954	411880	
310007	412300	
309951	412188	
309902	411830	
309969	412222	
309967	412100	
310020	411827	
309940	412678	
309991	412352	
309960	411670	
309986	411834	
309975	411937	
309944	411417	
309959	412281	
309939	412415	
309990	412572	
309949	411677	
309946	411674	
309940	412709	
309955	412003	
309967	412505	
309960	411809	
309964	412047	
310011	412179	
309992	412373	
309950	412095	
309924	412451	
309981	411577	
309921	412303	
309939	411118	
309911	411998	
309921	412892	
309945	411692	
309962	411453	
309930	411839	
310007	411827	
309970	412066	
309969	412087	
309915	412668	
309929	411724	
309993	411432	
309915	412075	
309993	412935	
309973	411462	
309950	412131	
309933	412779	
309954	411944	
309939	411955	
309916	412600	
309984	410998	
309994	411159	
309957	412334	
310032	412876	
309897	411392	
309944	411425	
309983	411771	
309972	412685	
309954	411610	
309992	411472	
309970	412221	
309957	411553	
309930	411694	
309939	411686	
309997	412666	
309959	412425	
309971	412544	
309992	411315	
309986	410914	
309949	412098	
309936	411893	
309917	412562	
309959	412023	
309939	411728	
309952	411691	
309984	412037	
309990	412921	
309990	411785	
309966	411424	
310023	411677	
309961	411940	
309938	411589	
309963	412240	
309954	412655	
309986	412372	
309947	411775	
309943	412064	
309962	412293	
309937	411935	
309997	411969	
309947	411253	
309943	412173	
309951	413055	
309997	411832	
310066	412426	
309955	411200	
309974	412018	
309969	411390	
309978	411896	
309975	412105	
309897	412289	
309981	411526	
309990	412650	
309948	412385	
309963	411397	
309956	411754	
309966	412074	
309989	412741	
309923	410880	
309934	411590	
309965	411962	
309960	411855	
309968	412299	
309994	411902	
309962	412047	
309985	411861	
309914	412236	
310000	412202	
309968	411746	
309978	412574	
309949	411874	
310011	412464	
309929	411450	
309986	412639	
309913	411770	
309978	411663	
310007	411687	
310002	412502	
309943	412809	
309942	412468	
310005	411754	
309931	412234	
309982	413025	
309970	411437	
309960	411666	
309983	412030	
309969	412024	
309972	411884	
310016	411534	
310026	412210	
309987	411370	
309936	412954	
309965	412989	
309980	411582	
310025	411385	
310009	411885	
309974	411354	
309969	412014	
309986	412321	
309989	412397	
309954	412663	
309971	410749	
309944	412076	
309943	412102	
309987	411657	
310003	411709	
309930	411965	
309999	412278	
309978	411940	
309951	411535	
309980	412352	
309985	411882	
309987	412342	
309986	412098	
310044	412258	
309989	411729	
309983	411923	
309930	412176	
309950	411588	
309982	411835	
309925	412108	
309949	411878	
309997	412829	
309963	412240	
309993	412364	
310013	411767	
310021	411994	
310015	412058	
310010	411959	
309951	412036	
310009	412514	
310013	410733	
309976	412005	
310000	412474	
309970	412724	
309937	412967	
309930	412459	
310003	412663	
309972	412966	
309985	412028	
310000	412003	
309973	412516	
309973	411775	
309980	411906	
309980	411776	
310027	412193	
310037	412397	
309986	411540	
310043	412650	
309961	411974	
310002	412831	
309960	411513	
309954	412366	
309998	412320	
309998	411713	
309985	412263	
309940	412163	
309979	411888	
309915	412274	
309991	412313	
309965	412240	
309977	411208	
310035	412807	
309990	412933	
310017	411824	
310025	412302	
310018	412442	
310027	412092	
309945	413035	
310023	411940	
309970	411548	
309931	411455	
309985	412848	
309974	411473	
309952	412388	
309984	412145	
310002	410995	
310005	411640	
309990	412900	
309995	411725	
310020	412836	
309977	411256	
310009	412049	
310010	413132	
309955	412175	
309988	411712	
309942	412236	
309958	411879	
309955	411821	
309976	411770	
309970	411628	
310001	412098	
309982	411437	
310001	411791	
309999	412724	
310052	410637	
310027	411460	
309992	412069	
309938	411830	
309953	411523	
309974	412391	
310010	412573	
310001	411269	
309981	412518	
309986	412703	
310000	411352	
309997	411717	
310012	412089	
310001	411688	
310056	411934	
309983	412225	
309997	411727	
310022	412981	
310005	411511	
310020	411763	
310017	411861	
309967	412029	
309950	411168	
310008	411694	
309984	411942	
309949	412431	
309950	412313	
309960	412000	
310006	412110	
309991	411869	
309995	411858	
309966	412604	
309946	411788	
309983	412057	
310036	412551	
310058	412307	
309995	411892	
310027	412227	
309950	411609	
309982	412469	
309968	411767	
309978	410546	
309941	412563	
309956	411987	
310007	411451	
310035	412318	
309993	411795	
309979	412583	
310010	412394	
310022	412671	
310036	412243	
310067	412237	
310010	411917	
310015	411940	
309979	412354	
309998	411607	
310000	411142	
310019	412641	
309936	411505	
310010	412012	
309990	411427	
309988	412123	
309988	412374	
309992	412622	
309939	412611	
309969	411942	
309970	412237	
309980	411988	
310038	412727	

 Comment
˜åD