Version  	 2.0
 Type  	analog
 Azimut 	180
 Exceed 	40
 Alpha  	20
 Quantity of cycles 	500
 Quantity of strobes 	2001
 Strobe 	10
 Delay  	0
 Time begin 	20:09:02
 Time end   	20:09:27
 Data
309649	436130	
309652	438324	
309389	437041	
309648	437554	
309655	476560	
309587	447094	
309805	471112	
310954	541620	
310129	455581	
310035	440625	
310088	437899	
309761	437083	
309463	437307	
309619	439134	
309592	436049	
309587	436911	
309504	436697	
309460	436929	
309526	437100	
309559	437937	
309633	437559	
309537	436656	
309527	436709	
309579	436979	
309574	436504	
309524	437980	
309572	437229	
309530	437652	
309539	436551	
309531	436379	
309484	437915	
309542	436824	
309524	438313	
309555	438774	
309564	440256	
309652	441667	
309672	443657	
309772	447105	
309740	448625	
309798	450955	
309922	451816	
310005	453904	
310009	454369	
310015	457078	
310051	457261	
310132	458323	
310144	458375	
310065	459405	
310113	460606	
310130	461073	
310124	460673	
310197	459677	
310121	460804	
310149	460445	
310102	459560	
310172	460327	
310097	459363	
310116	458716	
310141	458480	
310080	458256	
310104	457347	
310047	456835	
310050	457490	
310035	455950	
310029	454940	
310034	455444	
309985	454123	
309953	453216	
309930	453073	
309951	452572	
309932	452684	
309931	452344	
309975	452008	
309956	449716	
309931	450355	
309866	450535	
309897	450182	
309934	449465	
309891	449315	
309878	448736	
309840	449250	
309772	447199	
309820	447879	
309829	447351	
309840	446194	
309832	446786	
309817	445896	
309758	445070	
309776	445897	
309762	445805	
309776	444868	
309756	444989	
309691	444538	
309743	444755	
309722	444228	
309740	443928	
309659	444225	
309745	443524	
309726	443517	
309698	443185	
309729	442411	
309726	442798	
309717	443009	
309737	442635	
309681	442303	
309747	440863	
309675	442357	
309709	442617	
309673	441892	
309736	441594	
309701	441988	
309683	440992	
309700	441479	
309726	440126	
309661	441573	
309684	441329	
309671	440978	
309641	440741	
309634	440192	
309656	439958	
309610	439731	
309679	439831	
309641	439923	
309692	439696	
309657	440199	
309695	440230	
309716	440153	
309621	440480	
309652	439460	
309636	440069	
309602	439881	
309609	439750	
309593	439650	
309643	438951	
309614	439556	
309594	439404	
309580	439605	
309617	439250	
309658	439246	
309635	440112	
309648	439290	
309609	439834	
309630	440333	
309588	439468	
309609	439633	
309610	438410	
309588	438890	
309623	438352	
309607	438677	
309633	439227	
309578	438417	
309548	438631	
309606	438747	
309600	438919	
309641	438956	
309613	438919	
309639	438966	
309625	438791	
309669	439741	
309611	439254	
309589	439277	
309650	438863	
309612	437661	
309595	439546	
309575	437994	
309582	438823	
309569	438239	
309602	438377	
309578	438086	
309598	438321	
309564	438094	
309612	438892	
309574	437791	
309602	438940	
309565	438815	
309600	438734	
309600	439493	
309612	438589	
309622	438065	
309534	438994	
309556	438824	
309574	439753	
309502	437658	
309608	437652	
309560	438608	
309612	438348	
309597	438114	
309529	437887	
309557	437521	
309567	439309	
309585	437286	
309621	439332	
309614	438028	
309584	438697	
309581	438009	
309604	437573	
309549	438093	
309509	438434	
309569	436791	
309572	437655	
309545	439045	
309545	437699	
309585	438501	
309599	437991	
309591	436954	
309544	438121	
309567	437756	
309600	438598	
309567	437405	
309589	438038	
309521	438169	
309517	439248	
309575	437671	
309528	438047	
309597	437307	
309581	438177	
309583	438181	
309572	438498	
309562	437940	
309515	437929	
309553	437007	
309535	437378	
309561	437492	
309615	437756	
309578	436999	
309583	437528	
309553	437826	
309589	436764	
309570	437100	
309544	437221	
309565	437572	
309561	437595	
309570	437604	
309504	436454	
309510	437701	
309525	436860	
309555	436223	
309557	437251	
309565	436607	
309509	436028	
309513	437540	
309573	437256	
309560	435925	
309597	436191	
309574	436959	
309529	436217	
309551	437229	
309534	436123	
309540	437169	
309561	436674	
309594	436827	
309553	436830	
309531	436386	
309498	436870	
309523	436855	
309551	437750	
309551	436417	
309580	437081	
309501	437068	
309576	437574	
309589	437252	
309573	436231	
309591	437355	
309540	437612	
309561	437441	
309555	436593	
309543	436903	
309529	436773	
309548	436549	
309542	437474	
309543	437066	
309555	436034	
309489	436557	
309502	436931	
309516	436699	
309575	436851	
309527	436168	
309554	436681	
309581	437061	
309581	436811	
309523	437319	
309522	437175	
309523	436324	
309519	437078	
309492	436273	
309541	435896	
309464	437282	
309526	437176	
309516	437152	
309577	436694	
309520	436868	
309533	437030	
309577	437183	
309536	436131	
309540	437488	
309528	436403	
309597	436721	
309546	436998	
309557	436120	
309543	437400	
309519	436122	
309530	436272	
309538	437133	
309575	436125	
309505	436250	
309552	436760	
309571	436861	
309571	437017	
309537	437495	
309552	436680	
309552	436829	
309539	437433	
309552	437344	
309613	436497	
309511	437123	
309530	436591	
309537	437482	
309541	436857	
309549	436928	
309525	436695	
309598	437168	
309514	437116	
309542	436290	
309511	436787	
309524	437151	
309528	437324	
309547	436210	
309555	437316	
309584	436586	
309564	437078	
309539	436699	
309570	436394	
309515	436593	
309522	437257	
309505	435912	
309527	437655	
309478	436231	
309516	436070	
309553	436948	
309590	437264	
309557	435715	
309547	436166	
309486	436967	
309540	436706	
309565	436982	
309528	435765	
309558	437301	
309541	435984	
309564	437041	
309551	437015	
309496	436717	
309508	436707	
309512	436916	
309565	436786	
309547	435587	
309541	437734	
309534	437001	
309530	436893	
309509	436271	
309528	436750	
309545	436493	
309562	436912	
309495	437015	
309575	437576	
309511	437021	
309499	437089	
309559	436550	
309510	436772	
309551	436794	
309520	436856	
309509	437379	
309548	437082	
309531	437299	
309489	437117	
309476	436872	
309534	436688	
309519	436163	
309588	435626	
309542	437404	
309550	437335	
309562	437063	
309537	436341	
309530	436444	
309494	435607	
309525	436615	
309502	436941	
309490	435726	
309517	437218	
309512	436077	
309501	436109	
309545	436305	
309497	436081	
309534	436165	
309493	436464	
309581	436663	
309567	436443	
309545	436258	
309532	436910	
309533	436889	
309539	436887	
309507	436539	
309563	435401	
309465	436159	
309530	436730	
309532	436614	
309549	436829	
309545	436288	
309554	435681	
309502	436402	
309581	436608	
309560	435742	
309546	437041	
309539	436863	
309504	436234	
309550	437669	
309545	436903	
309512	436462	
309563	435771	
309518	437544	
309539	437017	
309524	436258	
309512	436438	
309500	436455	
309515	436923	
309505	436946	
309503	437478	
309508	435922	
309551	436058	
309537	437270	
309541	436164	
309538	435981	
309523	437379	
309508	436676	
309542	436720	
309547	437283	
309508	436297	
309531	436426	
309468	437117	
309499	437347	
309533	436480	
309541	436744	
309569	435523	
309502	436368	
309516	437030	
309538	436115	
309528	436805	
309556	436394	
309559	437689	
309516	436837	
309513	436533	
309472	436607	
309529	436448	
309535	436634	
309555	436496	
309542	437319	
309511	436255	
309531	436801	
309490	436045	
309579	437139	
309540	436425	
309549	436297	
309543	436419	
309504	436260	
309545	436174	
309546	436797	
309581	437137	
309526	437197	
309538	437372	
309539	436367	
309501	436554	
309524	437108	
309493	437049	
309567	436525	
309491	436003	
309547	437140	
309515	436170	
309539	436353	
309524	437180	
309583	435846	
309613	436748	
309521	437354	
309569	437199	
309530	437047	
309585	435718	
309535	436810	
309534	436858	
309483	436301	
309495	436762	
309475	436192	
309502	436836	
309523	436349	
309585	436575	
309569	437273	
309543	436891	
309581	437113	
309558	436654	
309572	437251	
309552	437019	
309558	436921	
309545	436207	
309492	436817	
309539	436768	
309501	436243	
309518	437639	
309501	437056	
309579	436204	
309575	436236	
309535	436762	
309533	436934	
309517	437165	
309562	436200	
309578	436584	
309589	436628	
309528	436548	
309549	437308	
309549	437180	
309545	437296	
309535	436852	
309554	436793	
309561	436867	
309525	436051	
309581	437047	
309546	435980	
309527	437485	
309498	437074	
309496	437214	
309550	436496	
309529	436824	
309591	437019	
309530	436237	
309586	437434	
309581	436220	
309569	436181	
309548	437095	
309537	437551	
309525	436722	
309477	436370	
309530	436386	
309558	436529	
309538	436310	
309534	435839	
309557	436003	
309515	436032	
309558	437219	
309588	436781	
309616	436249	
309473	436320	
309547	436032	
309569	436204	
309552	436330	
309539	436032	
309492	435403	
309570	436739	
309519	436459	
309596	437167	
309523	435251	
309568	436910	
309575	436622	
309559	437406	
309567	435427	
309540	436502	
309585	436875	
309556	436773	
309572	436132	
309570	435933	
309585	436562	
309554	436018	
309571	436345	
309535	437293	
309540	436914	
309560	436377	
309581	436796	
309573	436546	
309539	436392	
309505	436689	
309541	436267	
309522	436390	
309540	436744	
309492	436974	
309554	436288	
309551	435870	
309620	436721	
309574	437823	
309568	436849	
309535	436902	
309594	436466	
309583	435990	
309526	436033	
309550	436936	
309530	436671	
309551	436436	
309596	436711	
309564	437176	
309573	436347	
309611	435911	
309641	437122	
309580	437127	
309550	437494	
309559	435964	
309524	436524	
309551	437463	
309603	436787	
309587	436076	
309626	436809	
309566	435899	
309592	436258	
309438	436322	
309375	437102	
309557	436238	
309564	436541	
309579	435753	
309589	436768	
309558	436800	
309565	436909	
309567	436411	
309571	436009	
309565	436631	
309580	437214	
309596	436827	
309522	436768	
309545	436712	
309590	436513	
309582	435999	
309605	436317	
309515	436682	
309566	435963	
309496	436579	
309543	436501	
309571	436938	
309553	437268	
309554	437167	
309574	436289	
309579	436679	
309566	436708	
309590	437216	
309552	436580	
309563	436757	
309535	437348	
309561	436942	
309557	436676	
309588	437600	
309526	436819	
309507	436674	
309581	435902	
309566	436758	
309626	436214	
309601	436253	
309589	436880	
309552	436977	
309568	437023	
309604	436199	
309600	436354	
309558	437586	
309566	436754	
309525	437901	
309576	437120	
309555	436840	
309553	436840	
309551	436188	
309562	436766	
309555	436541	
309595	437197	
309551	437028	
309598	436401	
309575	436835	
309567	436540	
309519	436919	
309581	436416	
309576	436065	
309587	436254	
309578	436590	
309574	436316	
309552	436307	
309596	436498	
309600	436711	
309580	437542	
309540	436364	
309544	436278	
309589	436900	
309530	437487	
309636	436729	
309625	436501	
309565	437390	
309606	436452	
309609	436740	
309556	435838	
309587	437094	
309594	437462	
309618	435940	
309570	435847	
309564	435956	
309526	436534	
309581	435625	
309635	436790	
309543	435555	
309565	437035	
309575	436403	
309610	436858	
309572	436457	
309601	437148	
309587	436736	
309574	437059	
309545	436439	
309573	436509	
309586	436104	
309622	437118	
309601	436379	
309634	436564	
309598	436528	
309580	437183	
309579	435942	
309601	436918	
309550	437360	
309574	437340	
309595	436163	
309609	435721	
309556	436990	
309575	437259	
309561	436290	
309604	437189	
309574	437382	
309631	437160	
309628	436659	
309542	436199	
309612	437115	
309623	435782	
309596	436460	
309537	435512	
309599	436474	
309613	436124	
309633	437321	
309618	436710	
309603	437184	
309622	436683	
309617	435777	
309591	435718	
309589	436325	
309583	435855	
309559	435573	
309546	436988	
309588	436268	
309540	436154	
309572	436365	
309604	436579	
309614	437577	
309586	436850	
309626	436788	
309586	437014	
309641	437072	
309556	436203	
309629	436397	
309610	436661	
309579	437129	
309612	437413	
309603	436345	
309622	437168	
309623	436437	
309596	435898	
309594	437072	
309590	436828	
309613	436928	
309646	436433	
309601	437440	
309621	436588	
309632	436557	
309572	436193	
309645	436722	
309567	436277	
309601	437384	
309635	436241	
309611	436612	
309601	436403	
309587	436804	
309632	437765	
309590	436215	
309636	436873	
309585	437176	
309617	437059	
309596	436064	
309621	436948	
309612	437107	
309660	437330	
309643	436839	
309668	436433	
309665	437153	
309662	437119	
309666	437665	
309624	436742	
309629	436377	
309606	437604	
309599	437019	
309620	437035	
309613	437184	
309586	436351	
309661	435973	
309656	436256	
309638	437275	
309601	437250	
309646	436495	
309676	437572	
309672	437443	
309615	437705	
309639	435906	
309644	436844	
309661	436679	
309625	437761	
309634	436837	
309556	436712	
309623	436008	
309605	437006	
309602	436656	
309602	435859	
309644	436753	
309679	436358	
309663	436365	
309614	437110	
309604	437132	
309591	436736	
309638	437094	
309640	436769	
309617	437328	
309683	436791	
309594	436693	
309621	436897	
309589	437503	
309640	436522	
309651	437541	
309663	435717	
309648	436611	
309538	436721	
309654	435841	
309642	437091	
309637	437598	
309717	436938	
309652	436255	
309622	437478	
309680	436902	
309669	438048	
309635	436492	
309607	435937	
309627	436237	
309634	437459	
309590	435958	
309619	437031	
309616	436109	
309669	436907	
309694	436559	
309664	436518	
309681	436651	
309635	436820	
309635	436879	
309687	436271	
309641	437385	
309629	436839	
309641	436597	
309655	436317	
309652	435871	
309601	436469	
309641	436762	
309643	437215	
309638	436522	
309711	437037	
309699	435082	
309608	436702	
309670	435580	
309680	437143	
309650	436603	
309663	436602	
309615	436477	
309679	436912	
309657	436875	
309655	436693	
309625	437859	
309700	436153	
309669	436791	
309674	436791	
309634	436649	
309627	437005	
309669	436295	
309659	436851	
309684	437233	
309694	436551	
309684	436359	
309711	437266	
309627	435893	
309674	436497	
309680	436776	
309693	436279	
309727	436459	
309641	436466	
309606	435511	
309594	436962	
309643	436386	
309715	436685	
309653	435840	
309670	435958	
309680	436755	
309668	436606	
309687	437616	
309655	436321	
309693	436436	
309646	437147	
309656	435798	
309658	436856	
309711	437137	
309679	436577	
309668	436791	
309687	436432	
309656	436880	
309649	435925	
309687	436569	
309737	436099	
309623	436592	
309683	437078	
309725	435973	
309643	436610	
309651	436743	
309692	436782	
309662	435750	
309608	437347	
309676	436690	
309720	436711	
309649	436472	
309711	437202	
309674	435486	
309735	437120	
309682	436853	
309651	436483	
309656	435463	
309670	437035	
309662	436265	
309655	436562	
309701	436920	
309695	436139	
309694	436776	
309678	436472	
309713	436451	
309635	436705	
309737	437300	
309719	437173	
309679	435817	
309636	436176	
309615	436959	
309649	436620	
309683	436310	
309700	435714	
309679	437274	
309703	435723	
309738	436369	
309705	436382	
309694	435686	
309688	436707	
309743	435950	
309707	436233	
309640	436648	
309633	436776	
309642	436874	
309649	436766	
309692	436101	
309671	436547	
309676	436855	
309636	436484	
309757	436405	
309683	437413	
309752	436906	
309683	437089	
309704	436085	
309700	437129	
309693	436369	
309679	436706	
309710	437089	
309673	436356	
309728	436544	
309700	436161	
309692	437172	
309711	436891	
309728	435953	
309663	436047	
309652	436661	
309662	437013	
309656	437384	
309728	436116	
309642	436016	
309704	436058	
309708	436442	
309668	437125	
309708	436896	
309670	437332	
309695	435951	
309692	436972	
309657	436290	
309684	436033	
309676	436368	
309669	436372	
309689	437675	
309665	437270	
309731	436286	
309654	436589	
309690	436394	
309679	436254	
309743	436582	
309681	436883	
309705	437012	
309753	437207	
309713	436958	
309703	436785	
309675	435895	
309675	436783	
309684	436261	
309686	435568	
309681	436656	
309661	436540	
309711	435642	
309700	435946	
309729	437508	
309742	437247	
309705	436802	
309749	436224	
309699	436910	
309768	437306	
309731	436740	
309726	436889	
309690	436220	
309700	436088	
309685	436845	
309725	435995	
309741	436363	
309724	436611	
309721	437178	
309687	436433	
309698	436317	
309687	436371	
309724	436591	
309694	436348	
309720	435918	
309740	436774	
309709	436964	
309734	435872	
309677	435788	
309674	435946	
309692	436930	
309720	436955	
309701	436438	
309687	437282	
309685	435672	
309694	436835	
309674	436110	
309708	436448	
309668	436473	
309688	436736	
309721	436237	
309730	435937	
309700	437260	
309695	436482	
309696	436830	
309723	437167	
309725	437022	
309725	436813	
309682	436808	
309711	435247	
309673	436541	
309708	436665	
309716	436327	
309711	436355	
309684	436713	
309757	436282	
309749	436122	
309746	436098	
309722	436789	
309686	436724	
309703	436036	
309689	436379	
309712	437219	
309732	436809	
309739	437462	
309720	436909	
309689	436471	
309696	436302	
309740	437374	
309665	436898	
309706	436882	
309689	436680	
309699	436156	
309683	436538	
309709	436720	
309756	436382	
309722	437579	
309696	436105	
309709	436202	
309736	437064	
309747	436442	
309693	436078	
309742	436056	
309719	436445	
309659	436523	
309717	436499	
309692	436901	
309667	437005	
309765	436787	
309721	436262	
309723	437899	
309732	436974	
309716	437043	
309738	436738	
309721	437113	
309753	436633	
309717	435677	
309693	436795	
309700	436596	
309687	435773	
309738	436504	
309706	437120	
309682	436510	
309731	437210	
309748	436504	
309765	437469	
309705	435697	
309722	437994	
309728	436657	
309773	436163	
309775	436666	
309696	436183	
309784	436445	
309686	436074	
309730	436430	
309705	437128	
309752	436515	
309682	436737	
309719	436350	
309702	436609	
309668	436091	
309700	435900	
309656	436679	
309694	435676	
309731	436322	
309720	436794	
309732	436861	
309702	436856	
309741	436366	
309700	436292	
309769	436030	
309704	437128	
309733	437090	
309698	435974	
309680	436617	
309658	436923	
309704	435849	
309713	437644	
309740	436826	
309766	436925	
309755	436992	
309704	436858	
309722	435906	
309703	437401	
309714	436490	
309708	436606	
309714	436320	
309710	436488	
309690	435861	
309687	436249	
309731	436950	
309681	436945	
309670	436605	
309717	436278	
309735	436659	
309727	436849	
309719	435598	
309700	436868	
309703	436169	
309764	436752	
309717	436502	
309721	436319	
309734	436203	
309699	436602	
309727	437202	
309732	436295	
309706	436403	
309716	437387	
309737	437281	
309693	437596	
309721	436013	
309710	437161	
309698	436640	
309692	436055	
309697	437326	
309679	436360	
309751	436534	
309680	436853	
309689	436936	
309756	436615	
309722	436319	
309736	437227	
309660	437285	
309753	436424	
309719	437263	
309693	436625	
309715	436904	
309675	436643	
309698	436166	
309738	436974	
309729	436324	
309690	436558	
309715	436764	
309764	436299	
309711	436488	
309754	436829	
309702	436837	
309675	435603	
309680	437568	
309714	435877	
309704	436923	
309731	435794	
309700	435058	
309729	436724	
309649	436079	
309737	437277	
309683	435651	
309734	435713	
309662	437128	
309758	436076	
309679	436109	
309688	436904	
309729	436534	
309693	437004	
309696	435544	
309635	436836	
309656	436288	
309707	436515	
309706	437131	
309673	436160	
309766	436986	
309701	435513	
309732	436178	
309655	435900	
309744	435908	
309675	436475	
309748	436966	
309745	436582	
309667	436544	
309729	436632	
309752	436949	
309710	436898	
309764	436313	
309705	436982	
309721	436075	
309705	435336	
309726	436409	
309695	436223	
309733	436347	
309731	437384	
309747	435890	
309740	436048	
309709	436731	
309740	436700	
309728	436076	
309700	436633	
309758	437003	
309733	436832	
309671	437869	
309720	435969	
309722	436579	
309704	435921	
309650	436339	
309686	436385	
309728	436575	
309694	436474	
309716	436991	
309674	436956	
309730	436981	
309759	436712	
309711	436655	
309691	436729	
309666	435437	
309706	436351	
309721	436917	
309718	436663	
309725	435987	
309677	437746	
309755	435832	
309698	436621	
309681	435890	
309686	436643	
309727	435920	
309711	436083	
309679	436245	
309655	437204	
309726	436665	
309716	436320	
309730	435989	
309672	436355	
309718	436674	
309702	437319	
309744	436066	
309706	436303	
309696	437619	
309695	436261	
309748	437444	
309701	436025	
309705	437611	
309675	436848	
309689	435603	
309685	437313	
309672	437617	
309692	437003	
309719	436809	
309735	437102	
309688	435320	
309682	437030	
309685	436325	
309665	436096	
309699	436790	
309711	437001	
309702	437596	
309677	435058	
309691	436991	
309701	436287	
309756	436965	
309721	437509	
309699	436504	
309726	436417	
309686	435973	
309711	436531	
309670	437311	
309699	436075	
309653	436132	
309728	435808	
309676	436918	
309685	436369	
309738	436194	
309678	436197	
309685	436531	
309727	437252	
309691	436842	
309677	436471	
309688	436405	
309638	435558	
309709	436173	
309659	437389	
309699	436812	
309688	436818	
309693	436588	
309722	437092	
309713	438007	
309741	437231	
309697	436465	
309686	436571	
309699	436703	
309655	436594	
309702	436849	
309695	436591	
309659	437127	
309684	436634	
309726	436667	
309701	436497	
309725	437200	
309661	437155	
309722	436011	
309677	435917	
309679	436291	
309687	436947	
309669	436337	
309679	435883	
309695	436500	
309626	436616	
309688	435940	
309651	436121	
309679	436130	
309723	435914	
309719	435461	
309700	435319	
309667	436661	
309640	436997	
309693	436702	
309689	436450	
309671	436629	
309659	437625	
309638	436853	
309671	436607	
309689	435521	
309742	436859	
309694	435673	
309704	436751	
309665	435941	
309629	436053	
309681	437083	
309644	435377	
309724	435419	
309628	436255	
309714	437011	
309650	437139	
309762	436362	
309707	436679	
309670	436606	
309710	436529	
309679	437016	
309663	435985	
309627	436418	
309627	436299	
309594	436762	
309676	436078	
309659	436752	
309701	436800	
309686	437125	
309675	436572	
309719	437140	
309697	435867	
309690	436534	
309658	435889	
309661	436309	
309679	435843	
309670	435591	
309656	436761	
309616	436404	
309675	436380	
309656	436343	
309656	436855	
309678	436831	
309716	436770	
309686	436118	
309669	437859	
309665	436791	
309685	436770	
309704	436792	
309666	436443	
309639	436422	
309688	436063	
309661	436515	
309647	436594	
309665	436618	
309671	435961	
309685	437178	
309636	437794	
309689	436422	
309656	436731	
309674	436136	
309658	436355	
309649	437007	
309663	436144	
309680	437118	
309733	437344	
309674	436778	
309618	436853	
309658	436243	
309675	435918	
309668	436407	
309686	436247	
309629	436660	
309637	436777	
309603	436992	
309625	436204	
309648	436048	
309690	436220	
309664	435766	
309700	436341	
309638	436807	
309674	437663	
309647	436485	
309664	436654	
309694	435868	
309652	437091	
309642	436147	
309640	436606	
309674	436549	
309667	435803	
309624	437101	
309680	436963	
309643	435923	
309666	435914	
309638	436207	
309663	436715	
309658	436387	
309623	437526	
309636	436408	
309639	436212	
309676	436376	
309651	436364	
309607	436695	
309671	435626	
309625	435864	
309675	436380	
309702	436531	
309626	436610	
309707	436749	
309648	436855	
309664	436988	
309646	436088	
309638	436957	
309647	436273	
309639	436931	
309632	435773	
309659	436340	
309623	435991	
309641	437139	
309652	436593	
309688	436814	
309686	436730	
309635	436746	
309626	437186	
309623	436616	
309619	435770	
309616	435749	
309618	436192	
309682	435986	
309651	436675	
309622	437184	
309626	436794	
309667	435937	
309644	435560	
309630	435489	
309638	436569	
309664	436489	
309625	436368	
309639	436255	
309623	435594	
309619	435538	
309655	436707	
309614	436349	
309646	436958	
309663	436521	
309635	436202	
309627	436352	
309686	437014	
309630	436723	
309622	436195	
309675	436070	
309674	436318	
309648	435548	
309656	436382	
309622	437656	
309628	436137	
309638	435827	
309614	436276	
309628	437452	
309603	437081	
309669	436398	
309581	437059	
309610	436649	
309649	436720	
309654	435734	
309701	436678	
309657	435969	
309608	435868	
309651	436896	
309572	437279	
309655	435933	
309640	436327	
309669	436638	
309657	436350	
309649	436845	
309624	436448	
309669	436221	
309603	435893	
309622	436085	
309651	436325	
309689	436185	
309656	436552	
309664	437203	
309654	436808	
309658	436984	
309642	436436	
309584	436334	
309654	436112	
309656	436487	
309587	435949	
309573	437046	
309595	435859	
309602	436246	
309664	436156	
309655	437044	
309665	436772	
309677	436651	
309639	435786	
309599	436083	
309622	436018	
309639	436435	
309623	436969	
309632	436125	
309591	436109	
309640	436673	
309640	436392	
309640	436360	
309669	437377	
309642	436291	
309670	436953	
309636	436109	
309642	436545	
309615	436620	
309640	437182	
309596	435933	
309598	436367	
309647	436383	
309605	435640	
309657	436250	
309615	436107	
309641	436468	
309649	436895	
309612	436801	
309569	436385	
309594	436447	
309670	436466	
309608	436648	
309593	436054	
309637	436058	
309591	436262	
309602	436337	
309576	436063	
309651	435891	
309610	437121	
309610	436536	
309669	436418	
309616	436789	
309612	435903	
309618	436877	
309589	436715	
309649	436903	
309602	436117	
309564	436728	
309583	434827	
309589	436679	
309652	436932	
309624	437571	
309658	436781	
309631	436276	
309631	436071	
309582	437236	
309626	435541	
309600	436269	
309638	437269	
309599	436763	
309664	436825	
309634	436141	
309694	436441	
309596	437364	
309611	436100	
309696	436963	
309600	437210	
309623	437342	
309568	437126	
309566	436116	
309632	436053	
309610	436277	
309624	437046	
309648	436198	
309634	437033	
309616	436451	
309625	436841	
309617	436245	
309637	436541	
309616	436635	
309605	437029	
309632	436213	
309659	436401	
309604	437545	
309622	436431	
309659	435765	
309599	436596	
309680	436947	
309621	437644	
309618	437003	
309602	436641	
309636	436504	
309572	436810	
309600	436451	
309643	435828	
309634	436707	
309599	436250	
309584	436222	
309600	436340	
309616	436244	
309653	436041	
309586	436443	
309628	437307	
309609	436710	
309656	436942	
309622	437041	
309611	437249	
309601	436314	
309616	437275	
309612	436408	
309633	437009	
309565	435112	
309590	436744	
309579	437016	
309655	436533	
309591	436966	
309591	436000	
309618	436903	
309597	436126	
309633	436060	
309599	437342	
309594	436281	
309668	435843	
309652	436735	
309652	437266	
309608	436306	
309628	435880	
309615	436436	
309618	436341	
309616	435573	
309561	436700	
309601	436227	
309573	437598	
309608	436156	
309582	437022	
309570	435799	
309631	437405	
309629	437160	
309670	436233	
309594	437217	
309571	436195	
309637	437284	
309634	436590	
309620	437048	
309588	437176	
309592	435765	
309616	436365	
309627	437159	
309595	435515	
309617	436589	
309604	436152	
309612	436824	
309624	437208	
309623	436829	
309615	435786	
309620	437599	
309631	436734	
309590	436610	
309594	436158	
309626	436516	
309596	435041	
309618	436336	
309617	436534	
309590	435626	
309571	436788	
309628	436136	
309643	436742	
309602	436642	
309577	436931	
309625	435848	
309606	436837	
309590	436370	
309604	437034	
309614	436932	
309664	436741	
309585	436510	
309563	436395	
309592	436454	
309592	437441	
309663	436476	
309587	435909	
309576	436818	
309603	436237	
309570	436789	
309554	436720	
309665	436631	
309599	436711	
309652	436240	
309581	436758	
309607	437242	
309593	436395	
309614	436935	
309599	436434	
309586	436382	
309603	436072	
309628	437083	
309568	437416	
309623	436530	
309586	437013	
309562	436023	
309586	436813	
309621	436129	
309655	436501	
309623	436203	
309600	437025	
309691	436801	
309611	436468	
309570	436770	
309627	436970	
309614	436980	
309594	435444	
309634	437240	
309634	437605	
309621	437242	
309624	435968	
309593	436163	
309592	436481	
309646	436168	
309605	437025	
309568	436096	
309609	436625	
309619	436530	
309628	436555	
309614	435444	
309624	436579	
309608	436282	
309601	436284	
309622	435703	
309602	436399	
309602	436388	
309632	436402	
309564	436121	
309585	436395	
309585	436278	
309594	436465	
309592	435696	
309601	437267	
309626	437620	
309607	437514	
309674	436486	
309573	436789	
309635	436227	
309615	437702	
309585	436588	
309619	436428	
309618	436974	
309628	435891	
309583	436177	
309575	436537	
309589	436526	
309632	436212	
309621	436411	
309556	437335	
309671	436102	
309647	436437	
309620	436576	
309577	436840	
309608	436905	
309620	436296	
309626	436778	
309594	436340	
309622	436576	
309601	437165	
309618	436485	
309604	436932	
309588	436355	
309627	436624	
309602	435880	
309630	436384	
309600	437034	
309639	436739	
309586	437122	
309637	436943	
309625	436697	
309601	435944	
309631	436715	
309633	435763	
309632	437213	
309612	435972	
309637	436531	
309565	436183	
309626	436583	
309529	435972	
309622	436579	
309560	436291	
309603	436815	
309637	436769	
309640	436960	
309575	436672	
309631	436189	
309615	436679	
309606	437303	
309630	436725	
309609	435196	
309620	435646	
309591	436476	
309653	436885	
309593	436083	
309641	435674	
309554	435964	
309619	435574	
309615	436457	
309628	434705	
309620	435888	
309603	436235	
309563	436502	
309624	436449	
309573	436936	
309607	437704	
309667	435793	
309637	436318	
309629	436363	
309654	436900	
309638	436437	
309564	436394	
309598	436556	
309619	436838	
309623	437123	
309647	436145	
309651	436815	
309600	436590	
309592	437598	
309587	436692	
309619	436213	
309605	436238	
309621	436403	
309630	436634	
309644	436595	
309642	436884	
309657	435820	
309646	437042	
309646	436727	
309596	436227	
309582	436036	
309584	435671	
309586	436122	
309610	436083	
309609	436230	
309616	436352	
309641	436795	
309592	436617	
309632	436663	
309619	436259	
309693	437177	
309619	436313	
309612	436967	
309608	436141	
309595	436166	
309630	435585	
309558	436164	
309639	436272	
309593	437197	
309664	436657	
309619	436749	
309626	436761	
309637	436879	
309590	436262	
309646	436609	
309609	436191	
309660	435923	
309637	436503	
309608	436135	
309614	436499	
309571	436353	
309633	435960	
309654	436869	
309617	436438	
309646	436886	
309648	436213	
309663	435626	
309589	436188	
309598	436154	
309635	435350	
309656	436754	
309669	436039	
309615	436594	
309615	436211	
309648	436523	
309645	436521	
309651	436705	
309630	436715	
309634	435658	
309657	437007	
309647	436138	
309626	436015	
309627	435728	
309619	435793	
309667	435776	
309623	436048	
309622	437620	
309647	435896	
309645	437567	
309616	435658	
309629	435465	
309629	436377	
309616	436697	
309639	436973	
309627	436619	
309632	436724	
309641	436920	
309588	436725	
309631	435480	
309642	436221	
309683	436912	
309677	436805	
309673	436412	
309620	436535	
309677	436125	
309599	436052	
309620	436515	
309603	436873	
309599	436113	
309692	436266	
309651	436358	
309667	437013	
309621	435867	
309642	436371	
309597	436034	
309679	436325	
309661	436979	
309648	437240	
309666	436551	
309640	436215	
309616	435867	
309621	436936	
309665	436596	
309664	436716	
309665	437045	
309659	436218	
309687	436609	
309652	437201	
309688	436716	

 Comment
