Version  	 2.0
 Type  	analog
 Azimut 	180
 Exceed 	40
 Alpha  	20
 Quantity of cycles 	500
 Quantity of strobes 	2001
 Strobe 	10
 Delay  	0
 Time begin 	20:13:37
 Time end   	20:14:02
 Data
309584	433463	
309545	433048	
309334	432915	
309640	433166	
309602	470908	
309442	443043	
308610	724307	
317392	1112031	
311206	545859	
310602	459677	
311099	442225	
311185	433165	
309819	434094	
310044	437880	
310054	434643	
309726	433374	
309436	434758	
309541	434192	
309517	434409	
309541	434210	
309565	434452	
309608	433123	
309491	433740	
309486	433896	
309581	433903	
309523	434463	
309497	434540	
309469	433934	
309525	434047	
309500	433636	
309576	433702	
309512	433727	
309559	434376	
309540	436090	
309557	436420	
309593	438418	
309615	440036	
309677	441646	
309731	444221	
309786	446779	
309771	447841	
309850	449075	
309823	450733	
309945	451687	
309945	452667	
310006	454308	
310040	454654	
310069	455726	
310065	456023	
310139	457318	
310100	457629	
310077	457978	
310124	457225	
310038	457532	
309997	457302	
310080	456236	
310070	456285	
310031	456173	
310090	455919	
310059	455786	
310040	454549	
310031	453911	
309926	453628	
310005	452585	
309993	451743	
309936	451613	
310002	450281	
309921	450139	
309911	449389	
309902	449204	
309909	448210	
309886	449054	
309876	448475	
309836	447008	
309849	447286	
309842	445758	
309823	446055	
309822	445750	
309757	445432	
309771	444895	
309831	444285	
309753	443251	
309813	443585	
309835	443234	
309769	443621	
309777	442774	
309789	442208	
309728	441907	
309752	441120	
309706	442016	
309710	441309	
309720	440013	
309705	440493	
309670	440457	
309692	441576	
309686	440690	
309685	440191	
309677	440235	
309708	440586	
309699	438996	
309682	438960	
309706	439510	
309650	439148	
309706	439016	
309633	438740	
309636	438643	
309666	437856	
309681	437636	
309642	438274	
309630	437325	
309641	438619	
309680	437053	
309588	437488	
309681	438216	
309615	437685	
309743	437995	
309599	437045	
309681	436736	
309596	437382	
309646	436919	
309677	436246	
309658	435834	
309622	436545	
309612	436673	
309609	436220	
309553	435600	
309582	437240	
309618	436537	
309592	437215	
309652	436554	
309656	436103	
309640	435937	
309565	437060	
309592	436684	
309624	435856	
309597	436805	
309603	435710	
309556	436466	
309570	435253	
309624	435536	
309635	435678	
309584	435012	
309594	436343	
309588	435005	
309614	434849	
309563	435287	
309555	435847	
309618	435108	
309549	436104	
309629	435323	
309607	435273	
309598	436294	
309578	436515	
309525	434979	
309568	434810	
309553	435207	
309647	434867	
309566	435539	
309585	435109	
309552	435020	
309559	435073	
309583	435535	
309540	435237	
309559	435390	
309556	434164	
309557	435113	
309602	434456	
309572	435080	
309553	434719	
309551	434996	
309620	435780	
309572	435297	
309569	435711	
309495	434465	
309594	434810	
309537	435088	
309558	435283	
309541	435581	
309574	434638	
309537	436219	
309588	436031	
309576	435464	
309600	435738	
309607	435273	
309562	436778	
309603	435271	
309546	436219	
309587	435872	
309534	436078	
309552	436565	
309531	435414	
309552	435055	
309553	435050	
309535	435546	
309537	434636	
309541	435411	
309576	435165	
309564	434721	
309545	434708	
309581	435292	
309523	434647	
309511	434446	
309595	435460	
309535	434884	
309519	434516	
309497	433990	
309535	434867	
309553	434254	
309562	433296	
309521	434859	
309533	434667	
309528	433688	
309555	434505	
309502	434676	
309528	434614	
309522	433663	
309572	434536	
309545	434841	
309533	434758	
309561	434945	
309558	434185	
309541	434474	
309603	434223	
309552	433436	
309539	434370	
309479	435138	
309496	434609	
309508	433384	
309534	433150	
309510	433542	
309503	433827	
309561	433630	
309499	434069	
309547	434350	
309543	433051	
309543	434514	
309560	434534	
309519	433094	
309554	433352	
309471	433642	
309532	433492	
309545	433432	
309535	433491	
309505	432637	
309498	432415	
309532	433098	
309490	433278	
309539	433802	
309577	433078	
309612	432766	
309579	433034	
309521	433811	
309519	433157	
309554	433292	
309521	432483	
309493	433905	
309496	433455	
309478	433520	
309511	433442	
309578	433639	
309463	432970	
309528	432746	
309518	434138	
309495	432378	
309502	433904	
309534	432591	
309558	433344	
309550	433304	
309540	433599	
309553	432777	
309555	433419	
309593	433375	
309560	434294	
309545	433949	
309509	433632	
309541	432855	
309490	432968	
309511	433235	
309501	434163	
309535	433576	
309513	433310	
309547	432222	
309562	432934	
309587	433212	
309504	433396	
309552	433585	
309571	432932	
309553	433351	
309493	433502	
309488	433925	
309513	432237	
309545	434413	
309532	432857	
309536	432667	
309540	433517	
309498	433990	
309506	432542	
309512	433668	
309527	433947	
309538	433366	
309547	433127	
309569	433261	
309544	432989	
309544	432954	
309526	433023	
309476	432442	
309518	432046	
309518	433487	
309496	433179	
309529	433343	
309535	432605	
309528	433158	
309494	433054	
309499	433476	
309564	433688	
309538	432550	
309553	433437	
309511	432897	
309554	433553	
309523	432581	
309495	432997	
309598	433474	
309558	433097	
309555	433013	
309527	433652	
309557	432885	
309505	433005	
309492	432894	
309521	433035	
309526	433600	
309514	433277	
309529	433305	
309558	433549	
309557	433853	
309566	433243	
309580	432661	
309472	433163	
309500	433916	
309486	433597	
309510	432490	
309536	433037	
309518	433374	
309591	433103	
309572	433114	
309518	433130	
309488	432715	
309519	433241	
309487	432934	
309521	433150	
309493	433401	
309533	433695	
309554	432902	
309524	433516	
309500	432924	
309578	433258	
309463	434394	
309525	433468	
309488	432805	
309507	432096	
309508	433593	
309505	433605	
309556	433094	
309528	433124	
309539	433328	
309497	433071	
309514	433307	
309512	433602	
309542	434157	
309537	433449	
309569	434012	
309506	433827	
309552	433286	
309527	433708	
309502	433571	
309524	432953	
309517	434029	
309541	433105	
309493	432253	
309447	432892	
309475	432843	
309491	432849	
309525	433542	
309573	433174	
309575	433074	
309542	433072	
309573	432268	
309498	433906	
309486	433425	
309501	432446	
309484	432748	
309538	433815	
309492	432819	
309550	432558	
309506	434180	
309526	432849	
309504	432548	
309551	432965	
309516	433086	
309563	433199	
309504	433515	
309526	433427	
309529	432916	
309563	432569	
309582	432518	
309513	433205	
309504	433144	
309544	432430	
309450	433079	
309505	431856	
309529	433196	
309474	434551	
309493	433091	
309515	432254	
309522	433409	
309513	433270	
309527	433563	
309537	433126	
309535	433288	
309588	432957	
309516	433594	
309540	433196	
309516	432377	
309528	433365	
309567	433384	
309540	432618	
309513	433574	
309543	433653	
309441	433464	
309503	432899	
309465	432341	
309453	433447	
309493	433545	
309487	432092	
309550	434440	
309549	433435	
309513	433751	
309518	433730	
309569	433142	
309509	433361	
309503	433071	
309517	432730	
309511	433826	
309527	433622	
309506	433554	
309486	432108	
309500	433109	
309505	432922	
309493	433896	
309511	432950	
309509	433282	
309532	433384	
309510	432618	
309498	432680	
309534	433057	
309544	433733	
309556	432654	
309465	433639	
309502	432695	
309515	432179	
309518	432893	
309506	433486	
309523	433633	
309582	432624	
309531	433052	
309557	433746	
309519	432840	
309490	433209	
309518	433265	
309531	433020	
309585	433963	
309494	433374	
309523	433856	
309513	433205	
309571	432718	
309548	432842	
309474	433333	
309535	433218	
309558	433472	
309516	433945	
309508	433132	
309479	433155	
309524	432795	
309513	433572	
309571	433075	
309542	432375	
309579	433571	
309557	433689	
309532	433328	
309555	434276	
309507	433455	
309551	433279	
309471	432291	
309494	432362	
309486	433272	
309549	433412	
309514	432703	
309548	432509	
309558	433691	
309509	432030	
309500	433252	
309470	432857	
309520	433097	
309553	433434	
309577	433772	
309574	434067	
309529	432896	
309566	433745	
309509	432999	
309507	432944	
309511	433245	
309562	433019	
309492	432915	
309505	433122	
309533	432847	
309509	432823	
309572	432946	
309525	433139	
309554	432991	
309521	433714	
309545	432894	
309558	433439	
309563	432965	
309575	433469	
309536	432748	
309531	432878	
309538	433537	
309524	432854	
309521	432823	
309552	432266	
309535	433220	
309517	433133	
309519	432239	
309508	433165	
309547	433785	
309585	432359	
309565	433256	
309573	433099	
309555	433559	
309555	432145	
309547	433602	
309566	433296	
309509	433531	
309526	433407	
309507	433538	
309517	433378	
309573	433797	
309538	432538	
309522	432477	
309527	433575	
309519	432817	
309582	432812	
309507	433018	
309583	433394	
309568	433666	
309544	433432	
309535	433314	
309511	433774	
309607	433975	
309572	433021	
309514	432852	
309547	433734	
309533	432943	
309601	433115	
309551	433962	
309534	433007	
309571	432832	
309505	433171	
309524	432977	
309576	433056	
309554	432941	
309607	432729	
309567	432555	
309560	432246	
309547	433009	
309544	432763	
309579	432695	
309551	433042	
309626	433396	
309529	432600	
309525	432868	
309529	432998	
309537	432790	
309505	432060	
309516	434457	
309545	434015	
309585	432320	
309600	433801	
309596	432816	
309562	433568	
309603	433199	
309551	433083	
309516	433343	
309556	433767	
309549	432420	
309576	432699	
309504	433812	
309553	433392	
309543	433415	
309536	433374	
309497	432779	
309555	433914	
309571	433646	
309587	433045	
309587	432704	
309595	432795	
309595	433578	
309424	433081	
309445	432897	
309524	433767	
309607	433662	
309574	433229	
309542	433178	
309574	432032	
309552	432286	
309546	433546	
309502	433100	
309578	432929	
309603	433298	
309545	433256	
309535	433456	
309550	433464	
309569	433512	
309564	433415	
309580	433383	
309600	433678	
309605	432456	
309559	433918	
309578	433662	
309524	432934	
309578	433864	
309537	433467	
309546	432900	
309518	433291	
309559	433227	
309548	432200	
309602	433108	
309591	432679	
309584	433524	
309576	433718	
309583	433481	
309586	433969	
309599	432333	
309528	433980	
309540	433255	
309604	432860	
309503	432761	
309578	432583	
309534	433754	
309558	432796	
309559	433038	
309539	433783	
309552	432691	
309544	433735	
309594	433175	
309553	433944	
309582	433657	
309611	433113	
309561	432441	
309605	433284	
309544	432262	
309562	432705	
309502	433058	
309580	433070	
309547	432757	
309634	433562	
309552	433415	
309519	433193	
309582	432960	
309553	433079	
309558	433430	
309565	433234	
309570	433108	
309605	432191	
309582	433411	
309615	433634	
309572	432080	
309609	433520	
309605	432714	
309604	432798	
309548	433544	
309532	432695	
309542	432891	
309508	432355	
309565	432956	
309560	432837	
309594	432839	
309601	433255	
309609	432900	
309578	432240	
309580	433381	
309549	432912	
309583	432665	
309598	433329	
309550	433721	
309547	432964	
309600	432646	
309630	433345	
309580	433393	
309597	432195	
309561	432805	
309540	433135	
309536	433102	
309496	433282	
309565	433257	
309562	432607	
309635	433023	
309607	433808	
309570	433667	
309587	432501	
309588	433076	
309554	432187	
309534	433858	
309616	433147	
309551	432115	
309519	433843	
309567	433277	
309590	432917	
309612	433266	
309617	432737	
309589	433189	
309600	432713	
309529	432652	
309584	432907	
309541	433112	
309591	433324	
309556	432653	
309589	433384	
309568	432651	
309621	433372	
309530	433108	
309598	433211	
309573	433749	
309565	432764	
309549	433642	
309546	433460	
309590	433838	
309610	433073	
309641	432990	
309592	433633	
309597	432973	
309601	433257	
309590	433404	
309545	432785	
309573	433214	
309567	433333	
309591	434099	
309605	432071	
309598	433654	
309576	432865	
309563	432286	
309571	432746	
309552	431596	
309577	432919	
309560	432851	
309578	434090	
309662	432855	
309611	432954	
309603	433573	
309596	433849	
309567	433095	
309601	432719	
309563	433301	
309585	432976	
309544	432210	
309589	432355	
309587	433123	
309554	433477	
309608	432351	
309631	433311	
309579	433229	
309572	433154	
309561	432582	
309620	433300	
309588	433427	
309583	432388	
309599	433689	
309637	433001	
309638	431997	
309566	433597	
309580	432827	
309674	433151	
309575	433165	
309574	432311	
309519	431313	
309615	433241	
309550	432893	
309658	432322	
309590	432510	
309608	432842	
309615	434065	
309629	433063	
309635	433907	
309591	432467	
309611	433019	
309598	433413	
309604	433185	
309614	433335	
309632	432781	
309588	433568	
309632	432838	
309588	432760	
309571	432362	
309573	432256	
309632	433460	
309646	433115	
309631	433822	
309645	432871	
309619	432690	
309633	433366	
309618	433540	
309580	433212	
309602	432556	
309609	432914	
309596	433467	
309626	434013	
309591	433157	
309615	433221	
309619	432325	
309560	433726	
309614	432624	
309592	432999	
309620	432970	
309642	432316	
309642	432286	
309656	433294	
309601	432996	
309663	433463	
309614	432118	
309650	433341	
309613	433288	
309591	433557	
309633	433845	
309619	433237	
309590	432779	
309568	432776	
309590	433282	
309627	432161	
309610	433281	
309617	432877	
309645	432482	
309687	432578	
309604	432581	
309603	434558	
309598	433541	
309603	432640	
309620	432588	
309651	432749	
309681	433217	
309614	433662	
309618	433281	
309629	433245	
309639	433957	
309642	433017	
309639	432350	
309611	433139	
309650	433301	
309641	433860	
309630	433046	
309638	433899	
309711	432272	
309640	432654	
309616	433526	
309583	431696	
309660	433430	
309621	433149	
309632	433203	
309598	432446	
309590	433243	
309631	434484	
309636	432593	
309638	432918	
309601	432910	
309637	432211	
309624	432612	
309658	433869	
309619	432922	
309705	432503	
309650	432510	
309658	432918	
309661	431955	
309656	432465	
309625	433643	
309639	433153	
309659	432987	
309600	432646	
309590	432850	
309599	432963	
309664	433049	
309688	432256	
309678	433823	
309658	432904	
309668	432881	
309622	433473	
309598	432722	
309646	433276	
309646	432396	
309644	433272	
309657	433336	
309661	433000	
309612	432616	
309659	432423	
309601	433073	
309624	432586	
309633	433541	
309647	433086	
309635	432780	
309659	432934	
309691	432806	
309661	433000	
309663	432404	
309678	433253	
309701	432587	
309652	432426	
309631	433203	
309580	432713	
309603	434077	
309707	433591	
309647	433485	
309649	433373	
309680	433598	
309636	431577	
309584	433585	
309624	432673	
309658	433467	
309688	433408	
309659	433521	
309663	433121	
309662	432923	
309688	432457	
309662	433594	
309648	432467	
309648	433158	
309659	432964	
309663	432497	
309593	432946	
309640	432351	
309644	433562	
309641	433774	
309673	432430	
309631	432220	
309657	432537	
309662	432676	
309630	432616	
309691	433437	
309705	433395	
309621	432614	
309700	433636	
309639	433754	
309631	432318	
309667	432592	
309661	433119	
309610	432819	
309638	433119	
309671	432316	
309631	433625	
309623	432398	
309671	433013	
309654	433079	
309695	432884	
309706	433754	
309702	431533	
309603	433534	
309632	432412	
309684	432782	
309639	433297	
309613	432939	
309631	433607	
309677	433836	
309647	432457	
309648	432764	
309650	432582	
309631	431824	
309674	432523	
309620	432364	
309680	432649	
309635	432704	
309671	433074	
309667	433452	
309663	433616	
309724	433342	
309693	432536	
309620	432844	
309701	433514	
309686	433304	
309652	433333	
309573	433587	
309685	432953	
309634	432856	
309667	432118	
309679	431905	
309672	433015	
309683	433453	
309713	432214	
309613	433708	
309668	433972	
309657	432956	
309629	433192	
309616	432644	
309679	433146	
309697	433270	
309699	433916	
309660	432588	
309613	433223	
309592	432327	
309638	432977	
309623	432672	
309625	432323	
309709	432697	
309640	433273	
309667	433384	
309724	432995	
309690	432193	
309673	432711	
309644	433160	
309657	432634	
309642	432868	
309597	433109	
309658	432690	
309686	431848	
309687	433054	
309637	432909	
309648	433179	
309629	432918	
309666	433041	
309695	433196	
309671	433230	
309638	431838	
309673	432862	
309650	433409	
309686	432792	
309648	432432	
309721	432136	
309692	432692	
309699	432524	
309651	433803	
309629	432384	
309661	433045	
309652	432770	
309633	433362	
309637	432469	
309702	433328	
309659	432843	
309689	432349	
309693	433067	
309639	432942	
309668	433185	
309711	432993	
309677	432180	
309658	432527	
309631	433483	
309706	432377	
309687	433580	
309688	432514	
309612	433290	
309674	433685	
309680	433201	
309668	433109	
309682	432627	
309707	432574	
309707	432525	
309677	432417	
309688	433264	
309634	433268	
309670	433468	
309626	432871	
309649	433836	
309679	432637	
309718	433580	
309707	432679	
309665	433291	
309657	433201	
309690	432341	
309675	432501	
309662	432847	
309681	433126	
309666	432935	
309673	432629	
309702	433039	
309696	432067	
309661	433456	
309723	432862	
309678	432771	
309727	432575	
309728	433646	
309669	433433	
309658	433340	
309657	433695	
309671	432054	
309660	432215	
309629	433195	
309696	433785	
309735	433237	
309690	433868	
309678	432752	
309711	433510	
309721	432710	
309646	433147	
309678	433310	
309656	433232	
309714	432429	
309669	432398	
309686	432250	
309674	433255	
309658	433296	
309679	432905	
309678	432889	
309665	432143	
309660	432536	
309684	433200	
309716	432501	
309705	432725	
309746	432891	
309663	432590	
309679	433135	
309689	432310	
309678	433432	
309651	433166	
309674	432681	
309680	432847	
309679	432702	
309662	433024	
309672	433021	
309689	432965	
309716	433560	
309689	432542	
309646	433307	
309689	433553	
309680	432858	
309700	432334	
309654	432608	
309706	432147	
309700	432722	
309669	433011	
309656	433113	
309677	432467	
309658	432729	
309586	433556	
309683	432607	
309661	433069	
309658	433002	
309637	432579	
309665	432713	
309695	433142	
309745	432505	
309730	433628	
309644	431645	
309716	433043	
309672	433704	
309675	432960	
309673	433221	
309663	433208	
309669	432368	
309691	433113	
309692	432633	
309707	433230	
309632	433157	
309699	433844	
309622	433322	
309681	432134	
309713	432902	
309642	432251	
309659	433478	
309745	433111	
309736	433625	
309647	433137	
309688	432330	
309664	433515	
309671	432878	
309664	432629	
309742	433139	
309716	433105	
309698	433298	
309672	431572	
309682	433713	
309674	432382	
309718	433091	
309711	433122	
309667	432453	
309715	432803	
309654	433201	
309659	432456	
309679	432534	
309703	433147	
309671	432717	
309672	433363	
309691	432871	
309693	432917	
309652	433340	
309643	432987	
309657	433417	
309652	432947	
309659	432497	
309670	433092	
309708	433147	
309697	433511	
309678	433048	
309662	433129	
309665	433458	
309696	433463	
309686	432756	
309647	433389	
309720	432175	
309694	432930	
309655	432404	
309704	433156	
309628	433375	
309713	432404	
309653	432379	
309687	432697	
309687	432924	
309710	433077	
309681	433367	
309699	432931	
309695	432203	
309687	432851	
309618	433438	
309658	431933	
309655	432689	
309700	432689	
309698	432982	
309668	432421	
309677	433452	
309702	432470	
309665	433011	
309629	432257	
309708	432764	
309694	432801	
309669	432852	
309679	432286	
309731	432845	
309630	433391	
309653	433501	
309652	432886	
309706	433322	
309679	432653	
309648	432205	
309675	432861	
309607	432688	
309665	432284	
309677	433298	
309667	432701	
309650	433439	
309664	433290	
309687	432343	
309685	432215	
309740	432921	
309739	433264	
309679	433966	
309630	432552	
309655	433349	
309697	431798	
309692	432582	
309669	433287	
309680	432944	
309705	433479	
309639	433498	
309660	432687	
309672	432565	
309637	433492	
309660	433416	
309667	433023	
309663	432475	
309708	431958	
309640	433724	
309643	432638	
309698	432242	
309685	432924	
309678	432909	
309673	432495	
309671	433453	
309676	432903	
309653	433604	
309660	432640	
309696	433055	
309704	432747	
309680	433295	
309640	433474	
309638	433170	
309682	433233	
309657	432770	
309635	433182	
309650	432888	
309709	432930	
309660	433141	
309684	432741	
309666	432747	
309653	433345	
309647	432852	
309624	433181	
309642	432485	
309670	432832	
309619	432790	
309704	433042	
309699	433723	
309705	432383	
309725	432960	
309701	432582	
309663	433761	
309711	432468	
309624	432317	
309605	433414	
309671	432710	
309663	433477	
309695	433034	
309680	433296	
309624	433670	
309645	433094	
309633	433019	
309667	431940	
309651	432798	
309638	433727	
309680	432464	
309647	432634	
309669	432997	
309743	433182	
309717	432427	
309706	432216	
309660	432887	
309657	432618	
309658	432832	
309629	433251	
309669	433564	
309652	433397	
309617	433239	
309677	433530	
309668	432306	
309657	432947	
309661	433212	
309630	434138	
309675	432810	
309648	433158	
309664	433608	
309690	433196	
309712	433085	
309709	433090	
309648	433380	
309631	432382	
309661	432790	
309668	432618	
309627	433752	
309586	432852	
309694	431935	
309680	432026	
309691	433312	
309674	433074	
309743	432592	
309712	432727	
309662	433443	
309651	432849	
309638	433114	
309642	433120	
309636	432337	
309676	433235	
309692	433561	
309654	433389	
309619	432989	
309649	432336	
309676	433146	
309628	432870	
309682	433193	
309640	433177	
309715	432944	
309649	434133	
309670	432518	
309681	432511	
309660	433118	
309676	433406	
309666	433165	
309632	434324	
309643	432479	
309666	433507	
309658	433087	
309661	433383	
309664	432281	
309666	433295	
309697	433495	
309611	433454	
309653	432453	
309658	433421	
309677	433291	
309668	432783	
309684	433284	
309644	432572	
309669	433596	
309650	433117	
309695	433488	
309689	433052	
309627	432843	
309645	432984	
309611	432184	
309583	432434	
309643	432117	
309660	432915	
309642	432580	
309689	432916	
309630	433577	
309625	432478	
309695	432445	
309654	432271	
309675	433269	
309666	433943	
309671	432308	
309626	432937	
309620	432690	
309631	431785	
309623	432930	
309655	432837	
309627	433648	
309657	433094	
309667	434021	
309616	433076	
309646	433598	
309647	433699	
309689	432903	
309653	433555	
309689	433498	
309647	432767	
309636	432983	
309660	432928	
309645	432824	
309650	432747	
309675	433091	
309640	433041	
309624	433344	
309689	433069	
309665	432783	
309631	432792	
309638	432453	
309639	433728	
309648	432584	
309661	432897	
309658	433502	
309626	432878	
309709	433056	
309643	433225	
309677	432291	
309624	432412	
309626	432840	
309634	433112	
309600	432903	
309636	432654	
309632	433021	
309661	433028	
309611	433103	
309625	432474	
309642	432465	
309667	432981	
309650	433199	
309637	433034	
309635	432831	
309668	433062	
309642	432966	
309617	433613	
309631	433481	
309588	432735	
309596	433288	
309625	432803	
309624	432990	
309637	432709	
309647	432235	
309667	433147	
309675	433327	
309625	432581	
309605	432547	
309659	433383	
309629	433557	
309658	432827	
309614	433268	
309660	432381	
309639	432513	
309594	431143	
309617	432979	
309625	433894	
309650	433308	
309633	433353	
309606	432583	
309607	432913	
309619	431640	
309670	433264	
309646	433509	
309651	432615	
309605	432321	
309612	432914	
309590	432953	
309647	433383	
309687	432998	
309645	432944	
309598	432399	
309631	433581	
309680	432418	
309606	432959	
309590	433541	
309627	432603	
309634	432527	
309572	432963	
309662	432940	
309651	432971	
309669	433204	
309594	433144	
309610	433528	
309604	432543	
309645	433170	
309646	432224	
309581	433539	
309626	432745	
309617	432770	
309655	433270	
309625	432559	
309603	432837	
309583	432770	
309695	432885	
309562	432534	
309664	433115	
309656	433208	
309630	433334	
309664	432537	
309612	432668	
309641	432591	
309597	433190	
309553	432225	
309608	432439	
309656	432818	
309635	432897	
309595	433532	
309630	434290	
309633	432377	
309603	433295	
309582	432654	
309623	432657	
309616	432670	
309628	432324	
309577	432670	
309643	431920	
309642	432388	
309645	433486	
309657	433679	
309650	432838	
309608	434588	
309648	432995	
309652	433251	
309643	433538	
309562	432682	
309612	432891	
309539	433402	
309619	433400	
309623	432921	
309617	432472	
309657	432680	
309667	433317	
309627	432996	
309601	433388	
309624	432908	
309610	432515	
309608	433481	
309614	433635	
309583	432188	
309625	432674	
309600	433129	
309601	432476	
309626	432650	
309595	433199	
309652	433076	
309622	433647	
309628	432576	
309640	433410	
309649	432564	
309586	433302	
309636	433433	
309620	433493	
309602	432981	
309557	432661	
309615	433546	
309614	432552	
309618	433273	
309596	432601	
309642	432152	
309595	432963	
309606	433672	
309581	433445	
309616	432920	
309623	433262	
309622	432909	
309645	432790	
309612	432282	
309623	432773	
309652	433138	
309598	433377	
309599	432661	
309609	433662	
309567	432959	
309595	432603	
309602	432695	
309602	432745	
309621	432257	
309576	433549	
309621	432093	
309612	432265	
309627	433340	
309593	432857	
309659	432675	
309648	432875	
309622	432676	
309615	432883	
309563	434239	
309597	432739	
309602	432472	
309581	433238	
309595	433279	
309612	433141	
309568	433201	
309607	433342	
309636	432929	
309624	433024	
309651	432179	
309621	433554	
309633	432548	
309616	432784	
309675	433690	
309633	432114	
309626	432342	
309586	433113	
309576	432531	
309586	433559	
309603	432785	
309612	434004	
309589	432055	
309610	432974	
309583	432851	
309605	433740	
309648	434226	
309619	433173	
309616	432841	
309620	433800	
309686	432515	
309608	433080	
309624	433047	
309640	434015	
309588	433610	
309611	433370	
309637	432507	
309669	433383	
309524	432270	
309614	433171	
309559	432921	
309602	432803	
309586	433120	
309632	432835	
309631	433329	
309621	432994	
309630	433323	
309617	432662	
309607	434024	
309606	432715	
309627	433743	
309567	432877	
309631	432512	
309589	432502	
309581	432189	
309605	432304	
309577	432659	
309599	432730	
309580	433330	
309616	432498	
309614	432754	
309614	432971	
309640	433461	
309635	433620	
309650	432889	
309627	433669	
309625	432400	
309576	433473	
309592	432532	
309599	432723	
309589	433443	
309563	433228	
309602	433449	
309640	432766	
309616	433097	
309612	433000	
309592	433531	
309561	432519	
309586	433239	
309605	433256	
309599	433919	
309641	432934	
309614	432759	
309570	433770	
309663	432761	
309621	433485	
309577	432681	
309651	433037	
309624	432332	
309547	433395	
309572	433474	
309539	433693	
309611	432676	
309590	433378	
309624	433173	
309612	432944	
309617	432902	
309685	433218	
309630	432428	
309603	433006	
309565	432410	
309616	432251	
309590	433266	
309570	433584	
309609	432825	
309626	432964	
309616	432469	
309610	433949	
309611	433806	
309566	432554	
309622	433590	
309542	432594	
309597	432604	
309563	433584	
309639	433376	
309600	433168	
309626	433580	
309630	433087	
309571	432898	
309600	433021	
309586	434169	
309611	433136	
309575	433311	
309593	433507	
309575	433115	
309636	432411	
309573	432230	
309617	433860	
309631	431801	
309633	432009	
309620	433385	
309589	433291	
309617	433225	
309622	433456	
309634	431709	
309646	433216	
309553	433396	
309592	432859	
309562	431748	
309602	432965	
309609	433020	
309586	432262	
309576	432556	
309560	432182	
309536	433572	
309624	434215	
309650	432843	
309619	432991	
309646	432924	
309622	432302	
309575	433032	
309548	433092	
309620	433784	
309569	432586	
309594	432824	
309610	432950	
309592	433467	
309585	433108	
309633	432786	
309613	432839	
309622	433038	
309567	432787	
309579	432457	
309599	432202	
309636	432595	
309634	433055	
309605	432511	
309601	433274	
309628	432700	
309612	433651	
309564	433294	
309579	433238	
309614	432317	
309571	433130	
309596	433600	
309603	432925	
309633	433562	
309599	433245	
309580	432518	
309608	432687	
309626	432755	
309619	433139	
309601	432311	
309595	432356	
309601	432955	
309650	432513	
309608	432981	
309636	433679	
309623	432564	
309621	432602	
309620	433025	
309638	432978	
309582	432988	
309590	433149	
309569	432549	
309614	432832	
309623	432711	
309666	433368	
309618	432961	
309654	432809	
309633	433242	
309579	433440	
309603	431720	
309576	432759	
309628	432748	
309613	432982	
309588	432749	
309599	433232	
309545	432499	
309611	432624	
309542	433409	
309617	433394	
309598	432418	
309608	432614	
309592	432696	
309615	432180	
309655	433184	
309658	432737	
309608	433746	
309648	433140	
309610	433618	
309571	432494	
309591	433251	
309588	432260	
309636	432703	
309565	432164	
309613	432401	
309570	432275	
309648	433246	
309568	432945	
309556	433010	
309636	432429	
309664	433963	
309611	432686	
309579	433022	
309613	433005	
309617	432586	
309626	431994	
309593	433108	
309623	431989	
309557	432986	
309616	432036	
309566	432919	
309598	432542	
309563	433143	
309614	433450	
309623	432501	
309645	433082	
309625	433293	
309622	433784	
309597	433017	
309582	432453	
309587	432877	
309603	433007	
309598	432599	
309609	432464	
309628	432419	
309603	433440	
309632	432747	
309649	432692	
309566	432917	
309644	432887	
309576	433335	
309627	432308	
309598	433496	
309598	432940	
309608	433020	
309594	433535	
309628	433374	
309587	432364	
309541	433647	
309610	433854	
309588	433008	
309621	432455	
309605	432890	
309585	432328	
309616	432686	
309608	433197	
309617	432238	
309575	433138	
309638	433327	
309618	433722	
309628	433071	
309640	433251	
309600	433431	
309657	433655	
309637	433096	
309617	433227	
309584	432883	
309593	433104	
309635	432825	
309605	432733	
309635	433173	
309598	432648	
309576	432744	
309585	433351	
309669	433476	
309615	433182	
309634	433162	
309611	432611	
309598	433391	
309647	432876	
309534	433268	
309611	432399	
309592	432586	
309564	432695	
309586	432825	
309624	432500	
309668	432387	
309621	432718	
309600	433332	
309626	432778	
309627	433174	
309604	432687	
309606	432758	
309662	434017	
309627	433041	
309603	433290	
309646	432615	
309694	433414	
309644	433117	
309599	433462	
309625	432978	
309581	432955	
309621	432735	
309604	433020	
309639	432869	
309596	431782	
309599	432733	
309641	433532	
309585	432460	
309680	432705	
309611	432688	
309596	432912	
309584	432492	
309579	432620	
309604	432782	
309645	432878	
309662	433396	
309617	432605	
309661	432435	
309617	432718	
309578	433094	
309562	433437	
309592	433235	
309573	433140	
309639	433006	
309638	431887	
309649	433680	
309627	432117	
309645	432155	
309636	432820	
309614	432850	
309624	432964	
309604	432151	
309661	433409	
309613	432080	
309609	432018	
309628	432500	
309621	432642	
309666	432998	
309575	433090	
309604	432686	
309611	433028	
309608	432013	
309635	433121	
309655	433527	
309660	433259	
309649	432844	
309667	434125	
309673	433324	
309628	431526	
309601	433106	
309641	432963	
309587	433038	
309664	433113	
309632	431724	
309646	432811	
309607	432959	
309599	433661	
309638	433643	
309603	432647	
309648	432690	
309638	431745	
309623	432565	
309660	432811	
309651	432350	
309612	433769	
309680	434155	
309645	433570	
309620	433109	
309658	433625	
309621	432043	
309671	432532	
309665	433128	
309614	432420	
309638	432316	
309610	433386	

 Comment
