Version  	 2.0
 Type  	analog
 Azimut 	180
 Exceed 	40
 Alpha  	20
 Quantity of cycles 	500
 Quantity of strobes 	2001
 Strobe 	10
 Delay  	0
 Time begin 	22:49:56
 Time end   	22:50:21
 Data
311391	391767	
311389	391651	
311150	390894	
311379	390561	
311385	428848	
311256	401886	
311251	434468	
312770	527651	
311841	415760	
311774	397564	
311786	393148	
311704	391998	
311269	391322	
311381	392876	
311434	391266	
311435	391119	
311360	392278	
311316	391604	
311383	391699	
311327	392113	
311389	391804	
311331	392036	
311282	391775	
311304	391913	
311342	390754	
311360	391741	
311299	392641	
311341	391982	
311294	392258	
311347	391478	
311322	391934	
311361	390865	
311340	391318	
311360	393357	
311395	394268	
311389	395016	
311371	397421	
311389	399363	
311416	401981	
311502	404622	
311562	406041	
311593	408363	
311617	411003	
311641	410873	
311704	412487	
311722	413409	
311752	414151	
311733	414277	
311738	416071	
311770	415888	
311786	416753	
311736	417374	
311751	418516	
311753	418849	
311717	417607	
311748	417116	
311742	417799	
311721	416401	
311698	417396	
311746	416203	
311733	416305	
311731	417017	
311704	415833	
311729	415887	
311724	414983	
311722	414273	
311716	414547	
311704	413647	
311741	413372	
311663	412775	
311687	412358	
311639	409924	
311703	410525	
311692	410104	
311631	409021	
311594	408291	
311653	408672	
311630	406819	
311620	407182	
311665	406051	
311614	406064	
311603	404712	
311655	403892	
311604	404733	
311565	403276	
311609	402690	
311539	403056	
311574	402803	
311547	402110	
311538	400980	
311548	400445	
311503	400759	
311496	399587	
311515	398942	
311540	398035	
311549	397066	
311535	398260	
311501	396045	
311495	395480	
311457	395201	
311500	395724	
311493	395505	
311535	394763	
311465	394915	
311493	395778	
311429	395519	
311467	394625	
311479	394351	
311444	395154	
311424	395204	
311469	394744	
311444	394058	
311421	394235	
311442	394738	
311445	394151	
311450	394578	
311515	393854	
311434	395340	
311442	394362	
311469	395070	
311406	393618	
311431	393879	
311464	394042	
311447	393709	
311457	394146	
311425	394604	
311414	394404	
311396	394116	
311451	395016	
311434	394330	
311481	395090	
311459	394406	
311406	393856	
311459	395729	
311431	394870	
311428	395623	
311451	394887	
311402	395023	
311416	394402	
311398	395776	
311409	394558	
311378	394862	
311429	394592	
311388	393740	
311406	394012	
311407	394968	
311442	393938	
311450	394333	
311429	393370	
311395	394345	
311375	394268	
311431	393379	
311431	394913	
311470	394357	
311398	394943	
311427	394052	
311394	395029	
311378	394814	
311407	394214	
311403	394902	
311385	394538	
311369	395102	
311371	393918	
311350	394402	
311440	395288	
311444	394110	
311418	393969	
311407	394074	
311393	392925	
311387	393843	
311355	392733	
311396	393826	
311386	394224	
311413	394555	
311414	394130	
311365	394949	
311397	394003	
311397	394089	
311373	392731	
311358	393975	
311402	394010	
311385	392914	
311463	393397	
311424	393428	
311409	392162	
311411	393585	
311407	392331	
311375	393079	
311403	393983	
311377	392653	
311361	393546	
311367	393445	
311368	392822	
311398	393597	
311389	392490	
311382	392824	
311390	391542	
311380	393037	
311336	393416	
311406	391906	
311373	392258	
311376	391868	
311423	391915	
311400	392689	
311397	392540	
311397	392271	
311358	391428	
311382	393068	
311396	391266	
311371	392220	
311342	391990	
311371	391674	
311355	392053	
311413	392801	
311366	391429	
311363	391927	
311381	391339	
311401	391896	
311409	392460	
311409	391982	
311367	392813	
311367	391772	
311374	391885	
311339	391554	
311371	391535	
311354	391259	
311334	390899	
311346	392220	
311342	391421	
311308	391593	
311393	391273	
311363	392178	
311343	391828	
311345	392359	
311359	391793	
311405	391659	
311391	391569	
311319	392009	
311304	392219	
311428	391846	
311332	392335	
311330	391565	
311372	391857	
311311	391616	
311342	391818	
311396	391648	
311350	391260	
311341	391817	
311347	391997	
311318	391120	
311411	391882	
311379	392096	
311342	392189	
311364	391658	
311348	390243	
311303	391724	
311393	391724	
311327	391532	
311327	391403	
311374	391326	
311330	391160	
311359	392095	
311372	391664	
311280	391386	
311345	391724	
311348	391480	
311395	390879	
311381	391482	
311375	390938	
311354	391329	
311380	391067	
311344	392295	
311346	391791	
311361	391116	
311330	391711	
311305	391723	
311365	391948	
311351	391349	
311384	391750	
311340	392034	
311315	391210	
311339	391430	
311383	391507	
311356	391414	
311396	391199	
311386	391373	
311367	392191	
311378	391712	
311370	391348	
311316	391722	
311303	391489	
311339	391835	
311338	391029	
311309	391285	
311308	391894	
311309	390576	
311398	391572	
311340	390813	
311357	391282	
311370	390859	
311300	392137	
311355	391689	
311342	391378	
311297	391749	
311319	391931	
311396	391127	
311336	392118	
311345	391714	
311328	391917	
311270	392424	
311356	391348	
311324	391352	
311329	391343	
311335	391390	
311332	390961	
311287	391898	
311337	391462	
311339	392417	
311369	391452	
311378	391490	
311352	392108	
311354	391897	
311323	391105	
311358	391579	
311350	391137	
311304	392102	
311268	391268	
311342	391857	
311358	391664	
311348	391162	
311301	390577	
311355	391784	
311284	390935	
311343	391400	
311343	391810	
311351	391409	
311391	391305	
311332	391981	
311329	391613	
311339	391846	
311328	391331	
311295	391708	
311301	390952	
311272	391582	
311293	391834	
311314	391677	
311315	391369	
311291	390889	
311336	391363	
311299	391746	
311345	391587	
311337	390489	
311300	391427	
311339	391409	
311353	391428	
311304	390833	
311358	392074	
311349	390943	
311272	391105	
311310	390693	
311324	391187	
311344	391119	
311328	390997	
311284	391974	
311312	390897	
311327	391855	
311299	390640	
311366	391441	
311368	391315	
311332	391515	
311391	391904	
311356	391076	
311328	391558	
311321	391408	
311302	391544	
311325	390563	
311379	391904	
311318	391251	
311329	391068	
311277	391671	
311352	391632	
311322	391655	
311326	390868	
311322	392199	
311369	392307	
311364	391901	
311320	391394	
311351	391843	
311365	391436	
311334	391138	
311342	391640	
311311	391136	
311244	392221	
311324	391141	
311315	390412	
311312	391816	
311310	391075	
311343	391044	
311344	392336	
311339	391908	
311331	391863	
311282	391218	
311323	391174	
311338	391439	
311377	392283	
311350	390969	
311295	391309	
311357	392322	
311312	391043	
311305	392005	
311320	392272	
311327	391827	
311287	391155	
311340	391031	
311284	392210	
311255	391698	
311339	391721	
311315	391247	
311376	390862	
311397	392132	
311354	391912	
311339	391485	
311364	390987	
311318	390777	
311321	391240	
311308	391383	
311281	391173	
311302	390662	
311382	391815	
311310	392384	
311376	391602	
311307	391012	
311336	390261	
311357	391792	
311313	391710	
311353	391030	
311341	392526	
311332	390980	
311360	391157	
311330	391102	
311318	392126	
311305	391529	
311315	392160	
311307	391395	
311316	391326	
311306	390870	
311290	391444	
311322	391148	
311339	390767	
311354	391075	
311376	391308	
311319	392179	
311328	391309	
311373	391979	
311341	391623	
311326	391277	
311384	391608	
311325	392015	
311335	391481	
311307	391315	
311337	390480	
311281	391210	
311322	391356	
311306	391355	
311355	390570	
311354	391287	
311298	390773	
311329	391094	
311377	391358	
311335	391498	
311379	390748	
311348	390834	
311326	392110	
311351	391836	
311329	392311	
311308	390749	
311348	391096	
311320	391481	
311320	391107	
311361	391301	
311356	391742	
311295	390978	
311367	391553	
311288	390723	
311313	391365	
311349	390969	
311311	391269	
311361	391868	
311424	391366	
311297	391673	
311324	391351	
311310	391875	
311347	390890	
311341	392056	
311298	391934	
311325	390944	
311348	391639	
311329	391754	
311319	391452	
311349	391684	
311331	391233	
311340	391619	
311372	390908	
311327	391326	
311374	391160	
311390	391930	
311315	390932	
311339	391221	
311347	392317	
311269	392087	
311327	390791	
311342	391271	
311283	391383	
311358	391233	
311280	391644	
311339	391136	
311353	391696	
311319	390875	
311320	391729	
311379	391398	
311350	391839	
311362	391250	
311352	391881	
311248	391476	
311320	391069	
311362	391331	
311372	390818	
311376	391062	
311328	391516	
311332	390817	
311363	391357	
311330	390652	
311301	391838	
311317	392152	
311331	391776	
311349	391344	
311369	390270	
311369	391305	
311368	390565	
311350	391354	
311318	391135	
311353	391504	
311360	391528	
311287	391420	
311307	391621	
311314	390503	
311312	390666	
311354	391129	
311338	391297	
311334	391615	
311381	391007	
311291	391961	
311356	391264	
311376	391488	
311336	391718	
311358	391358	
311401	391524	
311387	391611	
311362	391647	
311315	391411	
311335	391015	
311300	391902	
311359	390806	
311307	390465	
311309	390667	
311385	391750	
311330	390644	
311348	389793	
311334	390860	
311332	391923	
311400	390487	
311386	391895	
311360	391944	
311375	391779	
311355	391108	
311361	391231	
311336	391478	
311348	390812	
311347	392141	
311333	390779	
311379	391237	
311362	390574	
311361	391463	
311299	391784	
311369	392318	
311324	391124	
311347	391233	
311368	391257	
311389	390729	
311335	391176	
311371	391371	
311302	391746	
311355	391577	
311324	391472	
311314	391584	
311354	390659	
311344	391325	
311300	390695	
311311	391163	
311407	390966	
311325	391875	
311319	391897	
311371	391152	
311374	391289	
311351	391171	
311262	391734	
311271	391488	
311400	391189	
311368	391814	
311361	392305	
311327	391260	
311340	391283	
311337	391593	
311338	390810	
311333	391489	
311321	391432	
311345	391173	
311364	390363	
311327	391126	
311361	391329	
311299	391898	
311375	391468	
311394	391155	
311401	391196	
311328	390780	
311353	392289	
311348	391181	
311328	390760	
311325	390886	
311395	391884	
311389	391380	
311369	392051	
311293	391605	
311315	391376	
311313	391570	
311348	391757	
311377	390995	
311345	390825	
311323	391886	
311388	392194	
311378	390284	
311354	391884	
311345	391310	
311352	391500	
311326	391369	
311313	392128	
311331	390665	
311396	391202	
311310	390993	
311320	391662	
311342	391865	
311398	391599	
311387	390850	
311381	391858	
311342	391461	
311349	391484	
311373	391464	
311384	391410	
311332	391423	
311354	391162	
311343	391272	
311342	391220	
311302	391042	
311331	391252	
311364	391581	
311352	390714	
311309	391052	
311320	391095	
311342	391868	
311338	390840	
311384	392006	
311346	391211	
311423	391530	
311365	390839	
311381	390730	
311401	391057	
311362	391713	
311340	391516	
311355	391029	
311341	391763	
311326	391719	
311365	391640	
311372	391861	
311366	391252	
311346	391543	
311378	391167	
311350	390800	
311408	391401	
311352	390916	
311354	390945	
311434	391055	
311359	391218	
311368	391632	
311362	391529	
311361	391471	
311348	391298	
311335	391042	
311326	391945	
311299	391328	
311370	390255	
311358	390747	
311357	391158	
311411	390102	
311366	391822	
311388	391450	
311409	390601	
311373	391105	
311393	390239	
311333	391606	
311379	391328	
311387	390224	
311358	391640	
311378	391663	
311355	390663	
311373	391125	
311387	391894	
311357	390400	
311352	390845	
311358	391325	
311362	392248	
311364	390847	
311357	391277	
311370	391540	
311424	391762	
311440	390555	
311393	390933	
311346	391435	
311346	391189	
311366	391068	
311377	391606	
311422	390610	
311375	391594	
311389	391204	
311411	391384	
311362	390908	
311388	391343	
311362	390871	
311377	391547	
311376	391176	
311396	392233	
311353	391037	
311407	391111	
311368	391183	
311404	391071	
311391	391645	
311440	391003	
311379	391483	
311302	391434	
311385	392323	
311338	392059	
311416	391896	
311379	391633	
311408	390943	
311398	391943	
311377	390700	
311401	391744	
311356	390810	
311374	391122	
311388	391341	
311395	390876	
311399	391207	
311374	391227	
311368	391765	
311339	390752	
311373	391585	
311407	390708	
311410	391452	
311369	390538	
311393	391047	
311354	390495	
311372	390750	
311419	390814	
311430	391810	
311439	391605	
311417	391641	
311412	391221	
311412	391047	
311399	391528	
311353	391338	
311385	391471	
311417	390707	
311390	391834	
311398	391167	
311406	391576	
311440	391807	
311405	391574	
311383	390792	
311395	390769	
311388	390684	
311398	391372	
311395	390753	
311362	390329	
311457	391574	
311369	391311	
311403	391223	
311393	391195	
311400	390848	
311369	391828	
311425	391355	
311442	391858	
311382	391514	
311385	391225	
311395	392367	
311361	391387	
311415	391734	
311421	392195	
311406	392154	
311464	390948	
311443	391351	
311404	392036	
311439	391311	
311386	392180	
311374	391775	
311403	391084	
311399	390981	
311388	391499	
311408	391412	
311388	390980	
311387	391014	
311407	391078	
311404	391484	
311442	391788	
311413	392086	
311394	391545	
311445	391701	
311411	391172	
311444	392167	
311423	391143	
311350	391248	
311408	391418	
311402	391919	
311404	391688	
311384	391328	
311431	391264	
311384	389924	
311378	390715	
311397	390771	
311420	391272	
311395	391264	
311408	391691	
311384	391665	
311431	390523	
311454	391755	
311448	391887	
311471	390999	
311417	391310	
311399	391090	
311401	391268	
311417	390806	
311417	392175	
311395	390949	
311406	390746	
311396	391031	
311421	391487	
311439	391293	
311450	391312	
311404	391281	
311422	392254	
311427	390602	
311439	391293	
311401	391665	
311424	390330	
311448	391806	
311412	391494	
311431	391046	
311428	390779	
311383	391444	
311420	391703	
311389	390714	
311365	391204	
311401	390975	
311434	392321	
311432	391538	
311485	391511	
311483	391063	
311390	391575	
311405	391280	
311408	391780	
311447	392045	
311383	391341	
311406	392132	
311449	391723	
311428	390072	
311404	391375	
311390	391361	
311385	391287	
311426	391322	
311431	392046	
311434	391501	
311434	391289	
311400	391027	
311453	390968	
311486	390948	
311447	391335	
311452	390712	
311419	391819	
311426	391172	
311423	390593	
311423	391536	
311421	391323	
311430	390830	
311410	392702	
311480	391678	
311433	391806	
311426	390854	
311422	390482	
311427	391454	
311450	391327	
311419	391701	
311463	391421	
311434	390993	
311479	392238	
311460	391287	
311466	391150	
311391	390869	
311426	390831	
311404	390640	
311424	390686	
311441	391598	
311387	391395	
311439	390785	
311421	390391	
311452	390936	
311482	390783	
311447	391327	
311479	390791	
311464	391643	
311408	391296	
311451	390961	
311444	391004	
311396	391044	
311394	391378	
311452	391602	
311426	391183	
311462	390703	
311439	391807	
311450	391683	
311433	391787	
311443	390693	
311459	391650	
311449	390683	
311454	391934	
311446	392331	
311498	390834	
311494	391090	
311459	391552	
311438	391435	
311434	391230	
311426	392204	
311463	390264	
311429	390952	
311419	391504	
311431	391039	
311498	390933	
311497	391298	
311465	391219	
311447	390863	
311438	390967	
311461	391510	
311509	391417	
311484	391179	
311470	390591	
311483	391613	
311477	391024	
311494	391659	
311440	391857	
311449	392214	
311427	390653	
311468	391002	
311451	390619	
311461	390064	
311456	390836	
311449	390994	
311476	390069	
311487	391138	
311540	391292	
311524	390866	
311471	391084	
311490	391351	
311448	391549	
311433	391275	
311471	391721	
311483	391064	
311464	391103	
311507	390975	
311485	390781	
311467	390644	
311436	391468	
311410	390573	
311439	391088	
311480	390504	
311486	392034	
311481	390778	
311469	392171	
311508	390852	
311477	390799	
311469	391793	
311480	391532	
311457	391419	
311412	390667	
311404	391301	
311462	391210	
311485	391671	
311466	390580	
311450	391227	
311442	390960	
311476	391465	
311481	390503	
311474	391329	
311500	392045	
311477	391505	
311490	391225	
311473	391405	
311450	391326	
311490	390671	
311476	391640	
311469	391042	
311437	391037	
311438	390949	
311426	391609	
311454	391849	
311442	391057	
311521	391115	
311501	390882	
311447	391203	
311469	390822	
311516	391254	
311464	392685	
311526	392123	
311493	391833	
311452	390258	
311480	392307	
311473	392582	
311489	391099	
311455	392367	
311482	391246	
311469	391244	
311447	390628	
311472	390912	
311470	391550	
311474	391170	
311475	390155	
311484	390582	
311447	391081	
311512	390958	
311514	390869	
311517	391098	
311469	390774	
311463	391174	
311468	391566	
311454	390448	
311467	390678	
311439	390822	
311435	391666	
311494	391069	
311507	390816	
311511	390940	
311483	392146	
311461	391419	
311500	391273	
311502	391297	
311512	391593	
311472	390788	
311508	390862	
311486	391607	
311450	391468	
311434	391577	
311451	391274	
311481	390675	
311438	390749	
311499	390749	
311460	391248	
311509	390884	
311477	391519	
311475	391013	
311493	391364	
311513	392200	
311510	392012	
311543	391900	
311484	391150	
311493	391443	
311439	390727	
311501	392048	
311475	391153	
311496	390856	
311442	391891	
311501	390899	
311455	389763	
311456	390886	
311496	391437	
311450	391121	
311480	390537	
311525	390715	
311445	391100	
311453	391084	
311496	391257	
311507	391521	
311491	391197	
311510	390360	
311480	390710	
311489	391729	
311471	390190	
311475	390939	
311421	390052	
311507	391302	
311443	391185	
311517	390748	
311496	390550	
311463	391826	
311503	390814	
311487	390996	
311535	391972	
311514	391854	
311454	391905	
311472	390765	
311498	391483	
311488	390931	
311456	391533	
311480	389996	
311446	391203	
311429	391322	
311442	390851	
311487	392193	
311524	391039	
311495	390901	
311471	391011	
311495	391229	
311512	390849	
311500	390943	
311522	391224	
311477	390072	
311491	392215	
311509	390377	
311458	391277	
311464	391014	
311498	391638	
311496	391534	
311522	391040	
311501	391487	
311446	391833	
311488	391272	
311464	391432	
311497	390905	
311495	390751	
311483	391022	
311469	390950	
311486	390485	
311502	391192	
311473	391499	
311526	392008	
311441	392012	
311464	391196	
311511	391041	
311483	391174	
311477	390949	
311503	390713	
311475	391264	
311477	390614	
311471	391912	
311501	391697	
311480	391822	
311501	391374	
311501	390983	
311509	391167	
311504	391635	
311469	391566	
311510	390553	
311477	391108	
311435	391339	
311452	390851	
311428	390963	
311480	390991	
311452	391537	
311458	392918	
311477	392290	
311516	391233	
311539	392101	
311506	391525	
311563	393202	
311485	391232	
311549	391807	
311488	391761	
311430	391427	
311495	392398	
311508	392032	
311488	391146	
311469	391625	
311476	392242	
311519	393071	
311475	391542	
311503	391628	
311410	391564	
311499	392123	
311455	392119	
311572	391030	
311534	391178	
311547	391438	
311486	392004	
311510	392354	
311478	391995	
311486	392275	
311470	392315	
311449	391560	
311497	391357	
311478	391264	
311519	391400	
311517	391160	
311506	391265	
311484	392370	
311514	391769	
311491	391715	
311502	391875	
311541	391700	
311494	390985	
311523	392565	
311548	392261	
311528	391898	
311463	392243	
311482	391841	
311467	392189	
311458	391715	
311518	390642	
311477	391516	
311523	392092	
311469	391290	
311499	391109	
311545	391402	
311508	390913	
311538	391775	
311482	392025	
311535	392085	
311478	390360	
311507	391918	
311460	391771	
311492	391962	
311481	392262	
311487	392042	
311476	391484	
311489	391846	
311496	392103	
311507	391620	
311492	391283	
311504	392558	
311492	391391	
311528	392374	
311496	391843	
311515	392413	
311546	392380	
311482	391960	
311495	390857	
311508	392079	
311468	391893	
311479	391550	
311476	391280	
311482	391892	
311505	391449	
311474	391500	
311457	391825	
311531	391456	
311479	391406	
311520	391867	
311517	392093	
311542	391313	
311507	392032	
311528	392409	
311478	391662	
311485	391005	
311511	391011	
311500	390470	
311467	391172	
311485	391824	
311454	391686	
311443	391865	
311468	391730	
311478	390993	
311524	391640	
311542	390860	
311450	391171	
311529	391606	
311519	391917	
311524	391988	
311502	391115	
311499	391905	
311476	390648	
311463	392692	
311482	391545	
311484	392000	
311492	391691	
311506	391712	
311481	391710	
311477	391603	
311482	391933	
311513	390845	
311549	391078	
311452	391120	
311499	391212	
311524	392357	
311561	391918	
311458	391262	
311498	391180	
311494	390911	
311487	390542	
311457	392070	
311469	391419	
311483	391909	
311478	391215	
311502	391478	
311520	391938	
311496	390861	
311490	391066	
311497	390999	
311488	390565	
311500	391984	
311509	390868	
311508	391171	
311457	391171	
311478	391629	
311478	391515	
311518	392202	
311513	391331	
311461	391720	
311481	391056	
311485	391697	
311470	391192	
311466	391974	
311497	391171	
311490	391417	
311457	391339	
311501	392500	
311508	391722	
311534	391484	
311527	392008	
311533	390406	
311478	392417	
311472	391555	
311505	391901	
311454	391864	
311469	391833	
311483	391827	
311468	391916	
311446	392349	
311463	391876	
311479	391722	
311480	391336	
311527	391661	
311467	391536	
311462	391041	
311511	391427	
311439	391949	
311480	391922	
311510	391317	
311492	391277	
311506	391927	
311423	390943	
311468	392131	
311465	390800	
311454	391351	
311464	391351	
311507	391282	
311472	391220	
311469	391159	
311460	391534	
311500	390724	
311519	391412	
311508	391396	
311448	390587	
311467	391595	
311493	391288	
311472	391665	
311435	390906	
311466	391093	
311446	390870	
311460	392035	
311432	390481	
311497	390574	
311489	391178	
311448	391112	
311491	391262	
311491	391291	
311526	391275	
311479	391884	
311489	390932	
311483	390601	
311472	391506	
311472	391585	
311520	392124	
311445	391481	
311459	391519	
311453	390774	
311448	390752	
311501	390758	
311462	391664	
311453	391161	
311464	390206	
311459	391502	
311489	391187	
311523	392033	
311502	391912	
311499	391207	
311477	392295	
311435	390563	
311448	391280	
311472	391006	
311435	390655	
311480	391277	
311490	390133	
311453	391545	
311430	391837	
311452	391505	
311465	390841	
311481	390817	
311491	391642	
311501	391629	
311477	391546	
311515	390636	
311452	391045	
311463	392156	
311522	391221	
311497	390933	
311481	391697	
311442	391848	
311429	390334	
311457	390949	
311470	390465	
311449	390663	
311460	390669	
311430	391449	
311472	390473	
311467	391674	
311489	392022	
311493	391097	
311514	391681	
311515	391605	
311440	391430	
311447	390944	
311417	391910	
311437	391371	
311446	391490	
311496	390957	
311475	391119	
311462	390986	
311458	391543	
311470	392118	
311479	391492	
311432	390429	
311478	392117	
311444	390858	
311483	390835	
311511	392012	
311470	391143	
311491	391245	
311508	391259	
311451	391816	
311484	391576	
311465	391493	
311485	390224	
311463	390863	
311408	390875	
311398	391406	
311408	391671	
311491	390414	
311424	391653	
311479	391169	
311475	390282	
311414	391583	
311505	390865	
311455	391729	
311458	391497	
311506	391465	
311423	390840	
311457	391715	
311436	390367	
311419	391640	
311383	390947	
311434	390925	
311431	390636	
311469	390620	
311446	391612	
311414	391420	
311453	391821	
311477	390805	
311485	391802	
311498	391148	
311482	391206	
311446	390671	
311454	391036	
311400	390843	
311445	391591	
311491	390609	
311447	391069	
311482	392269	
311497	391553	
311447	391092	
311418	390845	
311462	390939	
311434	391148	
311475	390737	
311503	391645	
311467	390470	
311453	390910	
311444	392344	
311447	391578	
311469	392374	
311439	390652	
311419	391526	
311391	391825	
311424	391200	
311455	390346	
311415	391531	
311444	391508	
311390	391209	
311456	391134	
311426	391485	
311433	391058	
311466	391149	
311494	391810	
311443	391987	
311432	391968	
311444	390505	
311476	391100	
311412	391734	
311423	391665	
311417	391553	
311405	391773	
311444	392130	
311450	391126	
311421	391703	
311443	391679	
311455	390953	
311430	391200	
311457	391662	
311480	391370	
311459	391710	
311450	391263	
311410	391417	
311438	390727	
311431	391432	
311453	391120	
311432	391810	
311441	391515	
311431	391619	
311386	390754	
311457	392621	
311363	391200	
311442	391755	
311421	391553	
311396	392361	
311440	390786	
311408	391195	
311426	391471	
311470	391356	
311489	390633	
311453	391671	
311453	391393	
311384	391652	
311398	391617	
311460	390917	
311428	391700	
311403	391236	
311437	391274	
311399	391466	
311421	391438	
311460	391402	
311462	391258	
311407	391542	
311491	391309	
311473	391796	
311446	390680	
311484	391418	
311426	391508	
311452	391556	
311397	391602	
311407	390883	
311406	391573	
311417	391057	
311416	390880	
311410	392279	
311427	390320	
311409	391398	
311439	391154	
311441	391350	
311413	390721	
311504	390838	
311426	390683	
311404	391431	
311367	391291	
311359	392006	
311319	391216	
311378	391072	
311448	391285	
311484	391334	
311415	390952	
311415	391188	
311422	391497	
311434	389720	
311448	391137	
311406	391127	
311427	391598	
311417	390866	
311465	391049	
311413	391269	
311449	391236	
311460	391569	
311471	391122	
311397	391126	
311430	391342	
311395	391592	
311374	391073	
311449	390376	
311391	391135	
311387	391805	
311395	391033	
311467	391525	
311421	391483	
311441	390793	
311390	390797	
311458	391341	
311471	391293	
311470	391027	
311444	391029	
311461	390905	
311402	391829	
311442	391694	
311398	391971	
311384	391298	
311409	391195	
311420	390933	
311418	390270	
311424	391393	
311389	391028	
311399	391117	
311463	390964	
311443	391015	
311391	391960	
311413	391221	
311432	391927	
311457	391770	
311441	391185	
311409	390517	
311416	391313	
311428	391064	
311452	390951	
311384	391068	
311414	392149	
311401	391096	
311443	390497	
311417	391791	
311401	392123	
311378	390857	
311410	391116	
311406	391049	
311429	391491	
311433	390528	
311451	390882	
311406	391202	
311406	392217	
311443	391093	
311410	390385	
311387	390360	
311422	390638	
311354	391293	
311413	390592	
311465	390418	
311417	390433	
311432	391159	
311390	390208	
311418	391563	
311417	391495	
311462	391896	
311380	391256	
311409	391711	
311460	391978	
311444	391053	
311414	391706	
311404	391699	
311317	391188	
311371	390979	
311415	391147	
311384	391087	
311427	390488	
311450	391103	
311400	391079	
311446	391023	
311411	391484	
311423	390270	
311411	391361	
311413	391953	
311406	391897	
311366	391155	
311414	391521	
311403	390875	
311422	391352	
311448	391367	
311427	390857	
311429	391093	
311388	391707	
311387	390669	
311393	390440	
311331	390711	
311413	390323	
311413	391990	
311453	391522	
311464	391141	
311403	392026	
311415	391978	
311422	391709	
311401	391096	
311428	391182	
311425	391342	
311367	391228	
311387	390998	
311412	391056	
311410	390989	
311437	391171	
311410	391401	
311395	390070	
311399	391128	
311427	391003	
311392	391621	
311415	391593	
311446	391728	
311413	391479	
311397	391836	
311418	391417	
311391	391044	
311402	391127	
311394	390241	
311381	390505	
311400	391842	
311414	390991	
311417	391632	
311410	391640	
311401	391180	
311407	391713	
311468	392136	
311436	390571	
311403	391461	
311442	390936	
311391	390894	
311392	390960	
311415	391809	
311401	391629	
311416	392034	
311436	391841	
311401	390430	
311457	391078	
311405	390346	
311347	390472	
311386	391204	
311405	391445	
311386	390879	
311420	391801	
311416	391725	
311370	390774	
311402	391723	
311366	391200	
311419	391164	
311400	391827	
311369	391747	
311383	390362	
311428	391048	
311396	390790	
311389	391269	
311402	392110	
311392	390185	
311408	391328	
311429	391459	
311402	391538	
311433	390497	
311463	390920	
311430	391427	
311418	391690	
311401	391648	
311351	391794	
311393	390843	
311391	390649	
311390	391144	
311368	390889	
311383	391266	
311399	390154	
311443	391942	
311381	391040	
311439	391475	
311401	391288	
311402	392143	
311445	391268	
311431	391502	
311406	390797	
311418	391705	
311381	391043	
311347	392310	
311429	391810	
311425	391257	
311378	391280	
311422	390337	
311402	391687	
311336	392064	
311383	392619	
311416	391313	
311352	392182	
311398	390275	
311396	391926	
311430	390901	
311496	390788	
311385	390478	
311419	391983	
311401	391360	
311412	390775	
311370	391094	
311394	391528	
311370	392268	
311397	390840	
311393	391326	
311391	391594	
311424	391154	
311392	391842	
311424	391812	
311447	390715	
311399	391744	
311401	391595	
311427	391970	
311404	390655	
311377	390584	
311398	391357	
311359	391826	
311373	390366	
311341	391086	
311371	392034	
311404	390858	
311387	390634	
311353	390520	
311403	391295	
311461	391903	
311429	390391	
311448	391458	
311426	391236	
311423	391091	
311375	391243	
311385	391387	
311402	390451	
311372	391616	
311358	391364	
311402	391040	
311408	391423	
311437	391106	
311376	391473	
311414	389677	
311345	390614	
311412	391093	
311417	390710	
311443	390634	
311406	391229	
311390	390973	
311425	391375	
311429	390617	
311421	391249	
311427	391388	
311413	391724	
311398	391523	
311421	391755	
311375	391283	
311377	390319	
311364	390782	
311381	390653	
311381	391109	
311403	391487	
311432	390509	
311408	390568	
311428	390546	
311420	390723	
311388	389999	
311425	390782	
311398	390973	
311437	391452	
311401	391233	
311376	391852	
311358	391006	
311403	391144	
311333	390498	
311407	390615	
311399	390771	
311382	391019	
311394	390686	
311420	391266	
311429	391283	
311440	391318	
311435	391743	
311408	390209	
311439	390513	
311404	391300	
311368	391452	
311403	390313	
311388	390748	
311417	391776	
311463	391364	
311402	391039	
311371	391432	
311404	391087	
311424	390738	
311390	391613	
311394	391311	
311390	391391	
311413	391441	
311458	391011	
311409	390410	
311403	391588	
311429	390751	
311380	390722	
311424	391037	
311374	391279	
311374	391527	
311374	390506	
311415	391614	
311367	390939	
311375	391543	
311407	390716	
311440	390816	
311413	390578	
311425	390908	
311439	391549	
311436	390808	
311409	390570	
311396	392018	
311434	391062	
311435	390330	
311390	391039	
311321	391944	
311343	390285	
311410	390994	
311403	391151	
311356	390562	
311384	391707	
311417	390959	
311467	391058	
311424	390615	
311443	392436	
311475	392204	
311450	391710	
311396	390619	
311409	391140	
311424	390636	
311368	391819	
311406	391551	
311429	390481	
311392	391667	
311443	391153	
311430	391142	
311391	390872	
311399	391120	
311396	391249	
311360	390891	
311415	391668	
311405	391125	
311393	391732	
311429	391147	
311384	390903	
311448	390832	
311462	390700	
311442	390744	
311416	391348	
311389	390594	
311379	390941	
311349	390640	
311404	390674	
311411	391415	
311384	390859	
311476	391405	
311414	390853	
311397	390314	
311410	391863	
311424	391373	
311434	391034	
311465	392480	
311411	391072	
311446	390435	
311456	390528	
311371	391115	
311400	391517	
311421	390677	
311396	390194	
311460	391100	
311368	390999	
311380	391839	
311394	390851	
311443	391328	
311460	391124	
311486	390722	
311387	392144	
311424	390565	
311439	391284	
311398	391872	
311401	391619	
311407	391137	
311428	390565	
311457	390907	
311494	391124	
311402	391340	
311395	390893	
311459	391405	
311420	390631	
311431	390512	

 Comment
