Version  	 2.0
 Type  	analog
 Azimut 	180
 Exceed 	40
 Alpha  	20
 Quantity of cycles 	500
 Quantity of strobes 	2001
 Strobe 	10
 Delay  	0
 Time begin 	16:43:11
 Time end   	16:43:36
 Data
1038249	490990	
1038255	492107	
1037830	490928	
1038349	491263	
1038202	534915	
1038091	497419	
1038303	492800	
1039166	489771	
1038594	491478	
1038583	492198	
1038575	490926	
1038511	492013	
1038224	490895	
1038275	492329	
1038308	490821	
1038298	492382	
1038231	490799	
1038265	491932	
1038142	491178	
1038224	490843	
1038121	491367	
1038252	491233	
1038273	491930	
1038424	490782	
1038205	491296	
1038037	491204	
1038128	491359	
1038103	490760	
1037808	491026	
1038037	491350	
1037975	490682	
1037953	491256	
1038080	491188	
1038137	491401	
1038086	490191	
1038097	491364	
1038229	491488	
1038120	492081	
1038174	491819	
1038136	491555	
1038281	491543	
1038209	491079	
1038233	490795	
1038205	491884	
1038135	490911	
1038130	490662	
1038310	490983	
1038238	490337	
1038387	491455	
1038233	491562	
1038199	491874	
1038369	491147	
1038566	490190	
1038415	491402	
1038288	492485	
1038414	491749	
1038476	491032	
1038359	491518	
1038343	491344	
1038304	491722	
1038392	491330	
1038534	491910	
1038406	490921	
1038476	490850	
1038564	491124	
1038416	491758	
1038339	491183	
1038311	491894	
1038176	492105	
1038557	492451	
1038592	490792	
1038542	491330	
1038608	491779	
1038459	490647	
1038265	491011	
1038176	490311	
1038379	491298	
1038311	492168	
1038235	491206	
1038269	491058	
1038170	491440	
1038230	490692	
1038293	490771	
1038325	490812	
1038314	490811	
1038280	490489	
1038277	491730	
1038329	490484	
1038317	491604	
1038319	491531	
1038236	491351	
1038235	491125	
1038129	491316	
1038321	489426	
1038294	490973	
1038342	491802	
1038276	491309	
1038401	490624	
1038198	491249	
1038106	491696	
1038298	490808	
1038256	491044	
1038293	492214	
1038395	491668	
1038335	491216	
1038311	491622	
1038332	491777	
1038206	491691	
1038084	491086	
1038088	490925	
1038037	491338	
1037962	491168	
1038095	490910	
1038183	491611	
1038155	492303	
1038072	491608	
1038186	491112	
1038161	491016	
1038223	491827	
1038249	491592	
1038185	491521	
1038066	491658	
1038161	491353	
1038294	491009	
1038240	491145	
1038239	491684	
1038151	490818	
1038206	490878	
1037933	491899	
1038074	492049	
1037987	491159	
1038088	491540	
1038156	490709	
1038189	491725	
1038196	490902	
1038224	490851	
1038360	490414	
1038177	491676	
1038173	491238	
1038130	491606	
1038176	491897	
1038029	491965	
1038051	491267	
1038047	490973	
1038102	491379	
1038134	491463	
1038191	491122	
1038128	491117	
1038081	491050	
1038077	491362	
1038105	490957	
1038171	491707	
1038283	491474	
1038229	491354	
1038152	491053	
1038200	490923	
1038066	490990	
1038243	491583	
1038241	490916	
1038194	490884	
1037999	491356	
1038126	491590	
1038209	490741	
1038198	491270	
1037949	491229	
1038237	491634	
1038147	491253	
1038128	491052	
1038128	491459	
1038192	491039	
1037974	491013	
1037955	491028	
1038024	491066	
1037961	491512	
1038111	490721	
1038097	491035	
1038171	490564	
1038014	492180	
1037875	490663	
1037855	490989	
1037995	491823	
1038026	491664	
1038131	491120	
1038151	491804	
1038052	490209	
1038261	491123	
1038387	491506	
1038283	490865	
1038280	491645	
1038214	491780	
1038165	490520	
1038218	490691	
1038109	490769	
1038127	491243	
1038161	490768	
1038140	491387	
1037962	491013	
1038057	490004	
1038105	491321	
1038406	491120	
1038563	490984	
1038633	491511	
1039242	491861	
1039754	491268	
1040292	493096	
1040328	491713	
1040175	491407	
1039924	490600	
1039528	491659	
1039282	491246	
1039284	491547	
1039051	491208	
1038993	491096	
1038869	492113	
1038651	491173	
1038487	491064	
1038575	491142	
1038569	491543	
1038329	491567	
1038304	491094	
1038233	490694	
1038179	491155	
1038285	491183	
1038191	491472	
1038111	491201	
1038030	490968	
1038113	492017	
1038196	491058	
1038096	490639	
1038150	491335	
1038100	491441	
1038031	491172	
1038072	491502	
1038155	491604	
1038094	491294	
1038102	490900	
1038125	491084	
1038144	491669	
1038022	491077	
1038016	491683	
1038133	491668	
1038097	491210	
1038068	492019	
1038055	490873	
1038169	491581	
1038013	490984	
1038123	491596	
1038049	490783	
1038005	491801	
1038027	491698	
1038128	491309	
1038276	490908	
1038204	492086	
1038022	491326	
1038050	491891	
1038003	491748	
1038047	491189	
1038015	491584	
1038019	491634	
1038101	491656	
1038175	490389	
1038121	491497	
1038118	490477	
1038168	491638	
1038191	491361	
1038193	490908	
1038169	490730	
1038239	491557	
1038111	491645	
1038172	492152	
1038129	490820	
1038070	491117	
1038125	491517	
1038164	491441	
1038194	490887	
1038075	490924	
1038230	490125	
1038266	490880	
1038380	490837	
1038280	490823	
1038205	491556	
1038139	491078	
1038334	491077	
1038204	490330	
1038224	490685	
1038070	491455	
1038098	491371	
1037828	490790	
1037966	490924	
1037873	491324	
1037972	490841	
1038070	490805	
1038014	491902	
1038006	490546	
1038022	491455	
1038134	490549	
1038057	491569	
1037966	491418	
1038082	490640	
1038116	490642	
1037951	490604	
1038008	491307	
1038078	491145	
1038125	491281	
1038168	491032	
1038148	490770	
1038024	491996	
1038102	491896	
1038016	491608	
1038016	490761	
1038070	491193	
1038078	491308	
1038196	491815	
1038286	491394	
1038192	491770	
1038150	490321	
1038124	491461	
1038122	491407	
1038029	491765	
1038166	491673	
1038109	490232	
1038140	491330	
1038146	491086	
1038007	490914	
1038012	490817	
1037966	490325	
1038076	491539	
1038114	491552	
1038241	491391	
1038062	490603	
1038130	491610	
1038148	491957	
1038141	491259	
1038195	491287	
1038048	491099	
1038006	491129	
1038062	491014	
1037951	491554	
1038072	490328	
1038167	491632	
1038100	492238	
1038178	491625	
1038114	490625	
1038105	491076	
1038183	491141	
1038080	490892	
1038092	491786	
1038004	491356	
1038133	491706	
1038198	491380	
1038109	491011	
1038172	491037	
1037973	491507	
1038026	491211	
1037906	490840	
1038146	492190	
1038149	491206	
1038103	491082	
1038134	491654	
1038111	491675	
1038064	490517	
1038165	491125	
1038171	491102	
1038193	490844	
1038088	491555	
1038015	491443	
1038156	490609	
1037915	491656	
1038117	490681	
1038044	490972	
1038037	491632	
1038134	490679	
1038078	491595	
1038094	491325	
1038100	491294	
1038076	491156	
1038124	491058	
1038169	491756	
1037980	490571	
1038105	491247	
1037955	491525	
1038165	492210	
1038118	489572	
1038101	490719	
1038118	490828	
1038216	491711	
1038084	490701	
1037883	490579	
1038052	491323	
1038024	491310	
1037995	491466	
1037947	492667	
1037985	491158	
1038010	491120	
1038025	491376	
1038086	490544	
1037969	491798	
1037993	491253	
1038181	490193	
1038055	490825	
1038134	489896	
1038052	491037	
1038064	491000	
1038041	491008	
1038032	490114	
1038022	491294	
1038064	490695	
1038076	492002	
1037984	491118	
1038087	490795	
1037895	492210	
1037953	491265	
1037838	491587	
1037863	491075	
1037863	491219	
1037965	490036	
1037950	491242	
1038008	490580	
1038165	491313	
1038207	491293	
1038337	491427	
1038166	490907	
1038159	490445	
1037955	491095	
1038092	490899	
1038132	490742	
1038125	490546	
1038205	491408	
1038252	491921	
1038188	491303	
1038211	491759	
1038311	491076	
1038196	490744	
1038214	491894	
1038169	490619	
1038190	490979	
1038125	490672	
1038197	490279	
1038299	491108	
1038193	490830	
1038152	491596	
1038223	491255	
1038367	490947	
1038176	491948	
1038148	490557	
1038157	491095	
1038305	491096	
1038279	490976	
1038105	491751	
1038015	491714	
1038134	490411	
1038169	491251	
1038133	491281	
1038285	491581	
1038106	490417	
1038146	491122	
1038135	491041	
1038214	490928	
1038227	491441	
1038124	491499	
1038008	490714	
1037971	490974	
1038057	490906	
1038064	491097	
1038219	491243	
1038031	491238	
1038084	490489	
1038022	491339	
1038135	491028	
1038101	490450	
1038155	490931	
1038284	491981	
1038129	490845	
1038301	490767	
1038131	491637	
1038030	491166	
1038083	491070	
1038013	491938	
1038211	490524	
1038088	490348	
1038238	490820	
1038397	491175	
1038265	491283	
1038335	491004	
1038199	490954	
1038267	491012	
1038196	491078	
1038182	490639	
1038148	491946	
1038078	490736	
1038111	490601	
1038202	492137	
1038114	491591	
1038083	491163	
1038113	490769	
1038131	491655	
1038048	491557	
1038170	491319	
1038123	490968	
1038209	491179	
1038113	491244	
1038205	490123	
1038166	491001	
1038034	491122	
1038019	491074	
1038050	490880	
1037991	490991	
1038183	491822	
1038151	491110	
1038256	491113	
1038165	490854	
1038248	490810	
1038194	491718	
1038233	490898	
1038061	491363	
1038106	491343	
1038142	491103	
1038226	491581	
1038004	490907	
1038077	490502	
1038164	491822	
1038265	490851	
1038217	490901	
1038242	491787	
1038123	491229	
1038134	490640	
1038305	490559	
1038099	490955	
1038115	491269	
1038157	490781	
1038148	491140	
1038121	491574	
1038024	491177	
1038036	491593	
1038075	491336	
1038008	490489	
1038200	491862	
1038068	491100	
1038042	491301	
1038200	491399	
1038331	491485	
1038202	491649	
1038081	491681	
1038135	491665	
1038195	490937	
1038217	491634	
1038093	491405	
1038135	490920	
1038139	490309	
1038150	491866	
1038228	490754	
1038128	490937	
1037986	491230	
1038227	491158	
1038152	490888	
1038263	491076	
1038253	491493	
1038118	490442	
1038356	491311	
1038165	490773	
1038223	491863	
1038122	490381	
1038084	491832	
1038035	490527	
1038364	490600	
1038291	490669	
1038314	491365	
1038282	491034	
1038268	491025	
1038310	491375	
1038289	491354	
1038216	491906	
1038262	490834	
1038366	491183	
1038299	490668	
1038279	491114	
1038174	490542	
1038097	491186	
1038251	491038	
1038124	490516	
1038120	490750	
1038266	491945	
1037906	491223	
1038161	490887	
1038101	491032	
1038048	491163	
1038146	491182	
1038082	489821	
1038035	491678	
1038127	491169	
1038066	491285	
1037977	491206	
1037967	490577	
1038117	490825	
1038088	491111	
1038227	490778	
1038206	491087	
1038100	491456	
1038258	491010	
1038195	490818	
1038377	491135	
1038181	491610	
1038087	490553	
1038423	491638	
1038372	490634	
1038129	491401	
1038189	491430	
1038161	490584	
1038085	492013	
1038246	491020	
1038192	491563	
1038069	491960	
1038081	491788	
1038210	491251	
1038161	490957	
1038238	490501	
1038181	490376	
1038133	491134	
1038191	490442	
1038029	491350	
1038127	490937	
1038166	490830	
1038258	491236	
1038148	492105	
1038140	490569	
1038175	490743	
1038282	490716	
1038345	490658	
1038163	491343	
1038181	491876	
1038208	490601	
1038236	491027	
1038131	491437	
1038159	492062	
1038275	491126	
1038346	490454	
1038172	492042	
1038074	490645	
1038118	490910	
1038050	491142	
1038181	491365	
1037879	491190	
1038102	491101	
1038090	491222	
1038123	490609	
1038143	490873	
1038002	490953	
1038127	491735	
1038061	491875	
1037940	491427	
1038083	490548	
1038031	490537	
1038257	490899	
1038183	491589	
1038198	490734	
1038372	490427	
1038217	490877	
1038260	490627	
1038187	491011	
1038292	490964	
1038404	491595	
1038251	490607	
1038147	491094	
1038216	490959	
1038271	490585	
1038163	490885	
1038247	491319	
1038195	491189	
1038203	491363	
1038124	490975	
1038173	491667	
1038244	490440	
1038357	490887	
1038353	491272	
1038259	492048	
1038174	490130	
1038137	492102	
1038203	491467	
1038170	491114	
1038277	490832	
1038284	491342	
1038285	490831	
1038116	491156	
1038129	491545	
1038212	491513	
1038170	491166	
1038181	491137	
1038142	490463	
1038187	491515	
1038313	490368	
1038334	491758	
1038183	491163	
1038271	492010	
1038175	491432	
1038340	491358	
1038318	491201	
1038223	491585	
1038172	491956	
1037992	491147	
1038103	491363	
1038133	490418	
1038300	491070	
1038242	491424	
1038142	491235	
1038162	490593	
1038213	490967	
1038329	490873	
1038447	490594	
1038424	491896	
1038313	490981	
1038312	490377	
1038258	490898	
1038156	491801	
1038299	491017	
1038463	490808	
1038302	491939	
1038312	490217	
1038325	491306	
1038254	491895	
1038254	490355	
1038467	491018	
1038451	490973	
1038257	491026	
1038314	490636	
1038247	490803	
1038267	491826	
1038170	490546	
1038164	490504	
1038187	491372	
1038214	492135	
1038372	491426	
1038176	491041	
1038320	490700	
1038210	491936	
1038409	490709	
1038561	490694	
1038451	491012	
1038431	490726	
1038075	491027	
1038106	491087	
1038175	490593	
1038063	490638	
1038146	491134	
1038197	490485	
1038310	491630	
1038221	491117	
1038103	491695	
1038122	492060	
1038336	491411	
1038317	491286	
1038085	491270	
1038123	492235	
1038190	490171	
1038297	490083	
1038347	492112	
1038370	490625	
1038171	492047	
1038222	491259	
1038095	491383	
1038090	491098	
1038174	490948	
1038199	490936	
1038246	491474	
1038332	491243	
1038303	490683	
1038358	491987	
1038252	491430	
1038172	490381	
1038224	491083	
1038159	491512	
1038407	490396	
1038336	491068	
1038311	491184	
1038383	491206	
1038168	491631	
1038315	491271	
1038220	491029	
1038205	491489	
1038177	491448	
1038310	490187	
1038363	491786	
1038389	491749	
1038230	490697	
1038504	491848	
1038311	491324	
1038298	490996	
1038157	491040	
1038377	491375	
1038348	491546	
1038346	491634	
1038244	490876	
1038172	490830	
1038420	491217	
1038313	491757	
1038383	491757	
1038214	491358	
1038281	491654	
1038295	491149	
1038227	490923	
1038136	491230	
1038106	490912	
1038136	490908	
1038213	490690	
1038295	490599	
1038204	491178	
1038371	492088	
1038396	491615	
1038389	491281	
1038279	491243	
1038397	490987	
1038261	490404	
1038297	492657	
1038453	490620	
1038423	491024	
1038211	491172	
1038282	490696	
1038303	490904	
1038242	491513	
1038413	491830	
1038295	491790	
1038235	491191	
1038339	491252	
1038438	490765	
1038280	491621	
1038162	491168	
1038156	491031	
1038174	490822	
1038145	491233	
1038205	491105	
1038208	490677	
1038283	490692	
1038298	491053	
1038338	490969	
1038417	490426	
1038306	491904	
1038437	490924	
1038483	490851	
1038513	489951	
1038348	491234	
1038378	490363	
1038333	490761	
1038357	490011	
1038281	491633	
1038384	491403	
1038358	490220	
1038331	491042	
1038185	491354	
1038341	491171	
1038245	491212	
1038466	491680	
1038317	491206	
1038464	490843	
1038268	491031	
1038289	490879	
1038295	490601	
1038354	490838	
1038391	490345	
1038281	490973	
1038061	490805	
1038261	491709	
1038517	490250	
1038511	491796	
1038464	491151	
1038406	491519	
1038425	491309	
1038513	490286	
1038334	491378	
1038448	490329	
1038513	490263	
1038607	490388	
1038494	491420	
1038435	491714	
1038463	490641	
1038574	490869	
1038623	491136	
1038526	490808	
1038426	491454	
1038390	491432	
1038377	491832	
1038359	490415	
1038400	490567	
1038347	491219	
1038328	490788	
1038340	492196	
1038314	491760	
1038200	491657	
1038034	491491	
1038310	491523	
1038359	491462	
1038361	491550	
1038434	490926	
1038473	491824	
1038561	489849	
1038405	491190	
1038216	490536	
1038343	491422	
1038377	490798	
1038436	491766	
1038275	491030	
1038166	492639	
1038326	490771	
1038199	490916	
1038107	490560	
1038186	491323	
1038232	490952	
1038327	491181	
1038386	490195	
1038326	492082	
1038363	489846	
1038386	492298	
1038342	491806	
1038344	491415	
1038457	491317	
1038349	491256	
1038253	491236	
1038258	491375	
1038313	491102	
1038295	490744	
1038365	491543	
1038224	491104	
1038361	490117	
1038228	491194	
1038426	490897	
1038259	491194	
1038256	490553	
1038305	491671	
1038313	490997	
1038290	490962	
1038253	490727	
1038162	491828	
1038249	491267	
1038276	490977	
1038381	490901	
1038445	491604	
1038131	491101	
1038387	489715	
1038314	492271	
1038436	490458	
1038261	490413	
1038351	490845	
1038418	491476	
1038395	490802	
1038398	491424	
1038534	491498	
1038569	490984	
1038528	491680	
1038420	491289	
1038369	491489	
1038389	491837	
1038459	490580	
1038411	490636	
1038424	491689	
1038402	491224	
1038309	491283	
1038302	490947	
1038315	489930	
1038263	492309	
1038392	491486	
1038394	491222	
1038403	490053	
1038418	490914	
1038481	490481	
1038317	491190	
1038330	491478	
1038459	490729	
1038342	491793	
1038382	490774	
1038355	489875	
1038470	491240	
1038333	489974	
1038340	491869	
1038295	491286	
1038314	490993	
1038289	489924	
1038391	491973	
1038266	491627	
1038530	490894	
1038429	491195	
1038699	490657	
1038353	491274	
1038246	491388	
1038338	490373	
1038250	490986	
1038280	491447	
1038362	490115	
1038424	491129	
1038282	490991	
1038295	491415	
1038348	490643	
1038215	490986	
1038308	491020	
1038465	491838	
1038131	491078	
1038133	491021	
1038146	491121	
1038233	491028	
1038417	490588	
1038393	491071	
1038429	491888	
1038401	490758	
1038446	491713	
1038497	490886	
1038552	491576	
1038405	491457	
1038389	491605	
1038467	490765	
1038348	491075	
1038259	490752	
1038439	490793	
1038367	490624	
1038365	490707	
1038325	490376	
1038432	491022	
1038400	492390	
1038409	490643	
1038524	490498	
1038421	490643	
1038352	491300	
1038575	490832	
1038535	491043	
1038278	490469	
1038320	491590	
1038464	491015	
1038538	491086	
1038551	490778	
1038419	490546	
1038419	491206	
1038458	491300	
1038327	491132	
1038224	490881	
1038281	490637	
1038149	491211	
1038205	490367	
1038208	491290	
1038500	490591	
1038376	491635	
1038445	491648	
1038475	491083	
1038253	491110	
1038249	490836	
1038236	491179	
1038165	491710	
1038253	491703	
1038107	491078	
1038095	491207	
1038158	490372	
1038257	491612	
1038483	490557	
1038404	490236	
1038347	490590	
1038368	491439	
1038234	491540	
1038328	490558	
1038444	489897	
1038473	491191	
1038401	491444	
1038444	490994	
1038438	491504	
1038455	490468	
1038505	490368	
1038425	490647	
1038451	491242	
1038432	491089	
1038433	491431	
1038342	491698	
1038395	491326	
1038557	490972	
1038696	490224	
1038673	491849	
1038504	491047	
1038508	491331	
1038667	490390	
1038481	491050	
1038470	491824	
1038405	491111	
1038500	491141	
1038518	490599	
1038331	491249	
1038404	491050	
1038348	490269	
1038396	490906	
1038366	490610	
1038440	491042	
1038402	491300	
1038483	491191	
1038421	490928	
1038383	490624	
1038348	490948	
1038461	490499	
1038500	490369	
1038392	491393	
1038409	491046	
1038461	491889	
1038440	490456	
1038415	491035	
1038397	490306	
1038486	489973	
1038569	491308	
1038623	490987	
1038322	491678	
1038504	492434	
1038552	490518	
1038462	491665	
1038273	490236	
1038293	490677	
1038250	491955	
1038303	490321	
1038267	490380	
1038151	490337	
1038303	490924	
1038362	491172	
1038286	491468	
1038454	491002	
1038337	491846	
1038364	491375	
1038426	491843	
1038410	490465	
1038559	490753	
1038318	490928	
1038424	491253	
1038318	491405	
1038239	490296	
1038301	489941	
1038184	490299	
1038310	490695	
1038458	491087	
1038537	490791	
1038456	490789	
1038382	489930	
1038638	490546	
1038440	491317	
1038491	491012	
1038383	490008	
1038354	490956	
1038602	490962	
1038426	491282	
1038394	490352	
1038316	491095	
1038297	490591	
1038340	491261	
1038316	490949	
1038329	490615	
1038246	491088	
1038321	490489	
1038283	490644	
1038325	490388	
1038276	491393	
1038281	491316	
1038400	490342	
1038356	491306	
1038490	491222	
1038402	491307	
1038342	490390	
1038305	491099	
1038498	491477	
1038449	490505	
1038487	490936	
1038482	490492	
1038496	490433	
1038469	491288	
1038529	489929	
1038353	491009	
1038372	490954	
1038446	490784	
1038334	491469	
1038349	491496	
1038517	491803	
1038342	490467	
1038356	492132	
1038291	490752	
1038383	490647	
1038292	490882	
1038347	490561	
1038305	491277	
1038355	490778	
1038403	490255	
1038305	490344	
1038295	491233	
1038406	490852	
1038615	491317	
1038337	490409	
1038294	491680	
1038337	490677	
1038276	491571	
1038311	491056	
1038340	491607	
1038370	490699	
1038413	490642	
1038327	491344	
1038381	491048	
1038383	490426	
1038334	490823	
1038363	490338	
1038436	489817	
1038461	490541	
1038293	490838	
1038486	490972	
1038446	490150	
1038447	490561	
1038573	490318	
1038355	490693	
1038457	491544	
1038205	491490	
1038339	491414	
1038298	491126	
1038415	491118	
1038319	491690	
1038476	490692	
1038422	491191	
1038435	489998	
1038547	491962	
1038549	490632	
1038380	491413	
1038541	490561	
1038381	490613	
1038322	490808	
1038366	491157	
1038339	491560	
1038287	489967	
1038324	491691	
1038374	491345	
1038349	490881	
1038436	490859	
1038384	490694	
1038605	491562	
1038432	490261	
1038473	491088	
1038468	490250	
1038554	490993	
1038424	491637	
1038543	491841	
1038292	490181	
1038388	491419	
1038186	491252	
1038336	491044	
1038368	490745	
1038437	490967	
1038224	490140	
1038548	490923	
1038577	490600	
1038344	490557	
1038449	490472	
1038289	490898	
1038227	490864	
1038282	491120	
1038312	490329	
1038441	491285	
1038280	491120	
1038469	490733	
1038548	489667	
1038496	491541	
1038535	491042	
1038546	491212	
1038371	491062	
1038255	490982	
1038439	490305	
1038422	490104	
1038457	490792	
1038367	490324	
1038431	489720	
1038372	491088	
1038319	490660	
1038278	491744	
1038345	490550	
1038238	490700	
1038355	490908	
1038365	490854	
1038352	491335	
1038538	491002	
1038502	490843	
1038423	491730	
1038421	491263	
1038321	490408	
1038217	490180	
1038328	490258	
1038341	490977	
1038417	490606	
1038314	491040	
1038523	489820	
1038522	491197	
1038518	491151	
1038357	490979	
1038437	491168	
1038359	490969	
1038304	491004	
1038203	491326	
1038359	490046	
1038223	491553	
1038504	490906	
1038452	491674	
1038347	490359	
1038436	491239	
1038470	491219	
1038392	491161	
1038268	490731	
1038444	490544	
1038550	490646	
1038414	490514	
1038296	491195	
1038390	490872	
1038265	491149	
1038309	491015	
1038260	490668	
1038300	491559	
1038400	491477	
1038472	491551	
1038365	491712	
1038306	491375	
1038359	490748	
1038340	490539	
1038193	490742	
1038148	490424	
1038049	491229	
1038391	491013	
1038318	491656	
1038300	490633	
1038446	491074	
1038269	491420	
1038314	491118	
1038208	491459	
1038255	491717	
1038241	490847	
1038306	490542	
1038209	491615	
1038217	490789	
1038426	490433	
1038375	491491	
1038424	491137	
1038228	490799	
1038288	491243	
1038311	490322	
1038212	491972	
1038236	491909	
1038458	491154	
1038306	491086	
1038362	490717	
1038196	490935	
1038353	491161	
1038460	491084	
1038358	490422	
1038281	491797	
1038098	491230	
1038213	490947	
1038340	491040	
1038446	491011	
1038333	491196	
1038323	491150	
1038357	491608	
1038381	490533	
1038362	490845	
1038218	491149	
1038471	491296	
1038487	491514	
1038569	490156	
1038506	491562	
1038418	490205	
1038406	490873	
1038266	490974	
1038256	490797	
1038286	490263	
1038193	490675	
1038356	491460	
1038253	491054	
1038265	490893	
1038314	489540	
1038419	491579	
1038422	491805	
1038372	491132	
1038356	490689	
1038400	490654	
1038353	490528	
1038347	490760	
1038472	490749	
1038444	491376	
1038479	491154	
1038206	490207	
1038295	490772	
1038385	490737	
1038377	490321	
1038417	490849	
1038518	491721	
1038412	491137	
1038512	490451	
1038552	491435	
1038453	490387	
1038445	490369	
1038415	490965	
1038300	490196	
1038251	491249	
1038184	491742	
1038394	491667	
1038322	490480	
1038371	491657	
1038405	491404	
1038338	491516	
1038357	489961	
1038292	490748	
1038266	490059	
1038149	490436	
1038069	491304	
1038175	490919	
1038110	490978	
1037989	489940	
1038264	491981	
1038283	490495	
1038305	491438	
1038355	490800	
1038340	491133	
1038340	490543	
1038277	491075	
1038219	491251	
1038054	490741	
1038076	490858	
1038323	490906	
1038428	490013	
1038378	491217	
1038254	491391	
1038543	491334	
1038482	491004	
1038253	490026	
1038368	491208	
1038363	489975	
1038370	490725	
1038352	490838	
1038377	491191	
1038295	490027	
1038426	491417	
1038101	491466	
1038193	491042	
1038269	491369	
1038275	491253	
1038416	491344	
1038237	490674	
1038131	490760	
1038169	490454	
1038292	491537	
1038359	490752	
1038286	491540	
1038318	491207	
1038280	490154	
1038252	490488	
1038209	490916	
1038190	490341	
1038348	490390	
1038470	490711	
1038523	491007	
1038270	491038	
1038168	490607	
1038272	490977	
1038192	489965	
1038411	490285	
1038363	491679	
1038480	491133	
1038459	491079	
1038570	490630	
1038279	490368	
1038428	490525	
1038232	491380	
1038254	490667	
1038217	490924	
1038191	489455	
1038052	490359	
1038162	490776	
1038230	492165	
1038272	490293	
1038460	490777	
1038212	491321	
1038272	490992	
1038311	490266	
1038377	491337	
1038262	492217	
1038299	491712	
1038410	491198	
1038351	491248	
1038200	490672	
1038161	490568	
1038404	490544	
1038398	489978	
1038368	492068	
1038264	490737	
1038258	490823	
1038414	491037	
1038271	490688	
1038521	490864	
1038208	491562	
1038190	490953	
1038170	490737	
1038254	491165	
1038134	489828	
1038174	490110	
1038008	490747	
1038308	491500	
1038338	491456	
1038373	490716	
1038285	491176	
1038252	490894	
1038339	491517	
1038284	491942	
1038309	490986	
1038221	491064	
1038166	490257	
1038193	490411	
1038291	490422	
1038207	490832	
1038296	491398	
1038130	490682	
1038236	490433	
1038326	491419	
1038154	491138	
1038135	489941	
1038158	490347	
1038358	491019	
1038332	490625	
1038308	489892	
1038267	490482	
1038337	492084	
1038323	491878	
1038343	490435	
1038258	491761	
1038251	491808	
1038262	490516	
1038311	490877	
1038369	491028	
1038312	490513	
1038308	491638	
1038180	489824	
1038218	490640	
1038315	491292	
1038197	489994	
1038349	490834	
1038290	490755	
1038272	492126	
1038365	491312	
1038479	490691	
1038412	490411	
1038227	489898	
1038365	491367	
1038302	490685	
1038294	490470	
1038240	490333	
1038128	491400	
1038251	489474	
1038414	491037	
1038323	490567	
1038545	491319	
1038423	490863	
1038330	491574	
1038146	490378	
1038258	490299	
1038198	491108	
1038278	490708	
1038102	490461	
1038203	490973	
1038217	491408	
1038180	490984	
1038273	491023	
1038316	490856	
1037899	491128	
1038052	490558	
1038092	491338	
1038220	490813	
1038059	490993	
1038170	490996	
1038156	490512	
1038062	491028	
1038051	491466	
1038248	491810	
1038243	491190	
1038418	491443	
1038394	491022	
1038467	489806	
1038453	490803	
1038337	490471	
1038292	490822	
1038228	490975	
1038206	489663	
1038051	490789	
1038368	490901	
1038139	490791	
1038093	491248	
1038271	490618	
1038132	490924	
1038380	491704	
1038500	490504	
1038525	490877	
1038286	490399	
1038146	491018	
1038425	492266	
1038312	490625	
1038147	491121	
1038340	491692	
1038326	490905	
1038307	490877	
1038425	490354	
1038232	491483	
1038282	490653	
1038352	490611	
1038250	490952	
1038255	490648	
1038173	490095	
1038235	491026	
1038390	490415	
1038394	490955	
1038373	491110	
1038493	491332	
1038304	491077	
1038289	490583	
1038199	490961	
1038448	489998	
1038288	490838	
1038392	490308	
1038535	490728	
1038372	490276	
1038415	491326	
1038296	490537	
1038299	491359	
1038281	491001	
1038400	491547	
1038251	489721	
1038194	491580	
1038264	490574	
1038309	491333	
1038274	490369	
1038237	491065	
1038209	490994	
1038316	490902	
1038158	490739	
1037962	491931	
1038138	490346	
1038134	490401	
1038227	491185	
1038298	490891	
1038258	490614	
1038295	490783	
1038211	490825	
1038181	490190	
1038059	490994	
1038227	491171	
1038044	490662	
1038295	491563	
1038298	492088	
1038225	491158	
1038326	490892	
1038323	490882	
1038330	490482	
1038418	492059	
1038415	490818	
1038264	491397	
1038427	490941	
1038294	491052	
1038150	491646	
1038271	490637	
1038255	490373	
1038280	490428	
1038378	490677	
1038223	491598	
1038200	490717	
1038031	490699	
1038177	491593	
1038240	490597	
1038364	491354	
1038238	491182	
1038199	490922	
1038187	490509	
1038413	491200	
1038473	490398	
1038375	490735	
1038381	491267	
1038511	490752	
1038440	490943	
1038424	491581	
1038500	490678	
1038501	490901	
1038294	490522	
1038231	490204	
1038202	491043	
1038321	490119	
1038219	489867	
1038256	490466	
1038315	490536	
1038308	489998	
1038359	490476	
1038252	490365	
1038284	490835	
1038356	490921	
1038246	491070	
1038163	490803	
1038144	490658	
1038392	490386	
1038447	491090	
1038391	490104	
1038265	491034	
1038187	490862	
1038257	490876	
1038080	491480	
1038146	490764	
1038160	491552	
1038141	491144	
1038302	490523	
1038221	491484	
1038367	491226	
1038332	491348	
1038242	490482	
1038244	491209	
1038257	490961	
1038269	490773	
1038277	490829	
1038217	491177	
1038250	491859	
1038301	490860	
1038248	491023	
1038237	491794	
1038371	490727	
1038416	491110	
1038228	490553	
1038280	490399	
1038154	491029	
1038414	490032	
1038378	490457	
1038287	490289	
1038203	491125	
1038375	490832	
1038342	492047	
1038404	491001	
1038345	491381	
1038306	490704	
1038208	491033	
1038438	490114	
1038449	491705	
1038415	491056	
1038370	490782	
1038537	491033	
1038228	490495	
1038167	491614	
1038407	491277	
1038319	490327	
1038301	490022	
1038284	490265	
1038194	491475	
1038324	490861	
1038373	490411	
1038269	491666	
1038328	490507	
1038167	491443	
1038314	491316	
1038391	489782	
1038344	491084	
1038344	491095	
1038281	491944	
1038259	490403	
1038193	490913	
1038147	490505	
1037999	490090	
1038172	491012	
1038235	490638	
1038208	490947	
1038330	490750	
1038254	490656	
1038249	491109	
1038289	491346	
1038252	491118	
1038210	491252	
1038347	490874	
1038289	490280	
1038334	491095	
1038373	490610	
1038170	490950	
1038214	491288	
1038132	491266	
1038089	490354	
1038081	490640	
1038180	492003	
1038338	490767	
1038244	490695	
1038271	492174	
1038433	490591	
1038416	490931	
1038511	491506	
1038328	489875	
1038276	490856	
1038207	490278	
1038288	491346	
1038295	489360	
1038352	490779	
1038391	491253	
1038494	490855	
1038456	491390	
1038351	491293	
1038298	490567	
1038392	490793	
1038203	490105	
1038371	490601	
1037977	490564	
1038380	491010	
1038149	491120	
1038373	490411	
1038369	490764	
1038280	491806	
1038147	491701	
1038131	490894	
1038269	491459	
1038393	491160	
1038414	490393	
1038174	490927	
1038257	491699	
1038337	490704	
1038227	489897	
1038186	490973	
1038240	491015	
1038335	491282	
1038245	490608	
1038301	490809	
1038354	490856	
1038322	491305	
1038155	491376	
1038463	490774	
1038339	490617	
1038378	490400	
1038235	491033	
1038309	490683	
1038392	490964	
1038263	490966	
1038285	490928	
1038269	491297	
1038261	491722	
1038262	491249	
1038143	491507	
1038140	490987	
1038253	491248	
1038260	490102	
1038225	490954	
1038284	490716	
1038260	491409	
1038360	490652	
1038307	490995	
1038342	491174	
1038367	491294	
1038279	490978	
1038310	490598	
1038400	490392	
1038416	490932	
1038353	491276	
1038222	491762	
1038128	490949	
1038236	490959	
1038259	490647	
1038086	490659	
1038401	490637	
1038285	490327	
1038291	490533	
1038195	491805	
1038213	490658	
1038224	491050	
1038185	491028	
1038083	491768	
1038214	490831	
1038360	490771	
1038251	491473	
1038254	490841	
1038341	490839	
1038221	491725	
1038337	491149	
1038452	492322	
1038495	490809	
1038310	490805	
1038202	490107	
1038297	491372	
1038366	490799	
1038281	490750	
1038041	490714	
1038104	490222	
1038072	491010	
1038392	491237	
1038301	491123	
1038327	490603	
1038268	490306	
1038392	491249	
1038258	490579	
1038345	491045	
1038343	490799	
1038164	490747	
1038301	490800	
1038258	491539	
1038341	490187	
1038392	490983	
1038355	490490	
1038344	490334	
1038333	490838	
1038368	490927	
1038423	491275	
1038280	491261	
1038275	490365	
1038135	490900	
1038217	490629	
1038203	491723	
1038251	491563	
1038137	491159	
1038093	490932	
1038205	490957	
1038336	490594	
1038293	490735	
1038301	490841	
1038428	490842	
1038399	491138	
1038382	491403	
1038437	490094	
1038337	490649	
1038290	490180	
1038259	491690	
1038543	491734	
1038405	491034	
1038255	492084	
1038170	490656	
1038398	491550	
1038268	491099	
1038139	490260	
1038274	490754	
1038194	490642	
1038267	490786	
1038462	491017	
1038292	491147	
1038347	491198	
1038334	491347	
1038429	490254	
1038423	491185	
1038532	490998	
1038403	490445	
1038458	490677	
1038373	491382	
1038482	491727	
1038437	491214	
1038238	491542	
1038247	491210	
1038195	490824	
1038358	490424	
1038314	491009	
1038291	490259	
1038365	490624	
1038684	490859	
1038451	491407	
1038461	490405	
1038175	491062	
1038269	490717	
1038319	490712	
1038212	491223	
1038226	490893	
1038342	491135	
1038368	491086	
1038378	491214	
1038405	490972	
1038500	490432	
1038405	491305	
1038320	490436	
1038434	491258	
1038262	491346	
1038437	491186	
1038549	491043	
1038459	490380	
1038148	490967	
1038348	490920	
1038287	490165	
1038315	491346	
1038206	490753	
1038348	490843	
1038364	491322	
1038116	491205	
1038178	490709	
1038313	490891	
1038216	491681	
1038110	490488	
1038343	490213	
1038163	490661	
1038307	491464	
1038383	490476	
1038162	491309	
1038101	490560	
1038302	491222	
1038141	492162	
1038224	490243	
1038279	490606	
1038324	490742	
1038388	490430	
1038422	490258	
1038180	491099	
1038354	490133	
1038486	491008	
1038307	491333	
1038389	491700	
1038355	490310	
1038416	490625	
1038390	490284	
1038323	491829	
1038359	490363	
1038412	490510	
1038420	492051	
1038301	490427	
1038270	491366	
1038239	490778	
1038283	491124	
1038349	491029	
1038508	491105	

 Comment
