Version  	 2.0
 Type  	analog
 Azimut 	180
 Exceed 	40
 Alpha  	20
 Quantity of cycles 	500
 Quantity of strobes 	2001
 Strobe 	10
 Delay  	0
 Time begin 	18:19:29
 Time end   	18:19:54
 Data
310040	412975	
310085	413302	
309758	413005	
310089	414158	
310031	459408	
309918	419726	
311127	414834	
318029	412895	
313104	415253	
312138	415258	
311557	412644	
310772	412986	
310474	414378	
310331	414604	
310292	414183	
310170	414479	
310076	413650	
309943	412940	
309969	413372	
309944	413326	
310031	414122	
309904	412672	
309918	413911	
309837	413613	
309905	414282	
309959	412515	
309906	413602	
309893	413348	
309930	413722	
309971	414442	
309950	414525	
309929	413622	
309853	412163	
309896	413340	
309877	414035	
309931	413141	
309908	413524	
309932	413465	
309890	414175	
309932	413547	
309948	413426	
309900	414364	
309911	413433	
309925	414091	
309975	413327	
309958	413152	
309982	413521	
309935	413450	
309970	413644	
309954	414400	
309986	414043	
310025	413249	
309956	413454	
310021	413772	
310012	414236	
310025	412769	
310028	414079	
309953	413940	
309997	413641	
309948	413173	
310026	412482	
310030	413167	
310077	413407	
310029	413889	
310057	413375	
310043	413143	
310001	412876	
310016	413516	
310052	414114	
309975	413747	
309982	412942	
310022	413840	
310064	413121	
310003	413915	
310041	413396	
309993	413347	
310039	413922	
310062	413837	
310065	413911	
310053	413449	
310044	413394	
310057	413262	
309967	413453	
309999	413719	
309934	413804	
310009	412705	
310005	413616	
309976	412630	
310029	413506	
310003	414355	
310007	413709	
310050	414389	
310007	413351	
310061	414572	
310043	413186	
310052	413518	
310025	413738	
310037	412600	
309963	413850	
310026	412656	
310025	413467	
310038	413281	
310030	413114	
310059	413312	
310071	413378	
309994	413761	
310004	413799	
310003	414137	
309958	413513	
309986	413108	
309982	413240	
310017	413370	
309990	413954	
310033	413524	
310033	413451	
310014	414188	
310050	414544	
310027	413338	
310027	413358	
310016	413379	
309993	413923	
309994	413992	
309992	413896	
309967	412878	
309930	413158	
309938	412810	
309957	414365	
310052	413765	
310074	414173	
310007	414113	
310029	414051	
310000	413155	
309994	413379	
309973	412999	
309951	413019	
309940	413025	
309952	413720	
309964	413297	
309994	411895	
309914	413332	
309957	412540	
310009	413880	
309930	413599	
310044	413629	
309969	413728	
310026	413565	
309992	413117	
309983	414395	
309960	414196	
309945	413506	
309952	413698	
309980	413270	
309971	413272	
309975	413843	
310029	412924	
310006	413573	
310018	413769	
309954	413990	
309974	413017	
309949	413705	
309989	413260	
309920	412936	
309950	413098	
309988	413900	
310001	414243	
310021	413666	
310004	413256	
309971	412545	
310027	413559	
309941	413921	
309959	412934	
309975	413493	
309960	412231	
309978	414057	
309928	415135	
309976	413070	
309979	413038	
309927	412721	
309989	413749	
309966	413416	
309996	413358	
310007	413792	
309985	412873	
309941	414888	
309984	413990	
309960	413102	
309935	413796	
309932	413708	
309956	413202	
309995	413181	
309967	412726	
309989	412349	
309970	413316	
309979	414294	
310007	413067	
309992	413615	
309946	413332	
309964	413460	
309952	413019	
309911	413549	
309868	413284	
309924	413252	
309917	412907	
309997	412942	
309990	413731	
309985	414744	
309959	413966	
309954	412942	
309916	413184	
309929	413598	
309877	412835	
309964	413621	
309923	413850	
309930	413451	
309994	413348	
309964	413604	
309941	412975	
309929	412753	
309946	413972	
309938	413597	
309943	414539	
309962	413653	
309982	413021	
309950	413523	
309903	414446	
309888	413004	
309856	414346	
309964	413727	
309878	414348	
309954	413571	
309943	413120	
309965	414778	
310010	413184	
309987	413364	
309972	413810	
309957	414107	
309940	413979	
309970	413174	
309949	413678	
309935	413873	
309970	413412	
309920	413532	
309945	413610	
309887	413321	
309915	413502	
309917	413855	
309933	414344	
309896	413589	
309907	412932	
309901	413762	
309877	413146	
309918	413793	
309933	413897	
309962	413494	
309925	413287	
309967	412909	
309990	413196	
309936	413909	
309873	413075	
309906	414752	
309917	413301	
309899	413747	
309895	413230	
309902	413269	
309926	414568	
309933	413594	
309931	413427	
309951	413554	
309964	412931	
309891	413085	
309918	414135	
309932	412823	
309902	413646	
309928	414253	
309900	413333	
309892	413618	
309878	412809	
309886	413275	
309915	412972	
309922	413677	
309918	413064	
309985	413471	
309888	413760	
309921	412341	
309873	413877	
309946	413092	
309886	413113	
309896	413596	
309923	413084	
309906	414119	
309897	414174	
309924	413815	
309928	412650	
309916	412984	
309910	413894	
309910	413262	
309940	413535	
309907	413015	
309916	413430	
309915	413337	
309869	413516	
309909	414467	
309900	413800	
309915	413196	
309929	414329	
309953	413192	
309939	414204	
309966	414266	
309946	412980	
309910	413548	
309859	412894	
309833	414424	
309900	413420	
309908	413361	
309926	413851	
309924	413932	
309881	412867	
309977	413769	
309942	413130	
309926	413664	
309991	413636	
309870	413360	
309947	413525	
309921	413331	
309860	413603	
309917	414071	
309910	413685	
309883	413046	
309922	413370	
309899	413409	
309942	413229	
309941	413435	
309903	413729	
309937	413248	
309912	413349	
309899	412974	
309902	412604	
309879	413597	
309900	413439	
309913	414096	
309964	413814	
309975	413205	
309884	413263	
309901	413091	
309929	413208	
309918	412502	
309951	412752	
309867	414227	
309877	413785	
309929	412463	
309912	413340	
309867	413790	
309855	413649	
309890	413468	
309884	413589	
309920	413718	
309909	413855	
309904	414525	
309932	413538	
309878	414203	
309882	414501	
309882	413332	
309849	413346	
309923	413062	
309907	414425	
309917	412733	
309927	413833	
309888	413658	
309889	413373	
309961	413646	
309939	413368	
309938	412642	
309917	413757	
309997	413057	
309872	413184	
309885	413048	
309875	413446	
309876	412295	
309945	412519	
309919	413201	
309936	412767	
309919	413999	
309947	413260	
309898	413781	
309904	414120	
309907	413241	
309928	413252	
309910	413275	
309907	413407	
309902	413842	
309921	414223	
309950	413681	
309918	413919	
309945	412668	
309949	413021	
309910	413212	
309964	413482	
309973	413979	
309893	413444	
309915	413996	
309964	412887	
309926	413022	
309855	412788	
309913	413898	
309947	412952	
309917	412925	
309925	413498	
309940	413376	
309943	413585	
309920	413437	
309899	413686	
309889	413320	
309888	414369	
309894	413158	
309917	413176	
309913	412746	
309890	413474	
309973	413434	
309891	414290	
309989	413779	
309937	413414	
309978	413943	
309946	413837	
309911	412977	
309943	413896	
309965	413009	
309917	413546	
309888	413810	
309911	413714	
309929	413615	
309970	413291	
309954	413094	
309950	412051	
309939	413760	
309934	413010	
309948	414478	
309958	413329	
309892	414460	
309924	413291	
309921	413840	
309869	413135	
309898	413166	
309896	412720	
309939	412548	
309933	414312	
309930	413001	
309963	413182	
309913	413098	
309933	413621	
309909	413646	
309912	413145	
309932	412909	
309905	413685	
309902	413677	
309904	413428	
309921	412913	
309922	414459	
309985	414096	
309952	413691	
309985	413912	
309985	412940	
309914	413224	
309954	413293	
309903	412855	
309889	413836	
309910	413467	
309899	413733	
309909	413011	
309931	413329	
309949	413897	
309980	413884	
309964	413106	
309956	412633	
309952	413517	
309919	413329	
309928	414055	
309912	413774	
309937	413092	
309900	412907	
309932	413230	
309887	413147	
309921	412287	
309949	413146	
309964	414467	
309960	413215	
309934	413171	
309963	413724	
309920	414064	
309957	412200	
309924	413901	
309926	414258	
309912	413401	
309918	413301	
309936	412632	
309967	413818	
309889	413288	
309954	413468	
309949	413765	
309892	413527	
309954	414233	
309875	413204	
309907	413162	
309914	413639	
309915	413843	
309926	413270	
309950	412877	
309900	413550	
309955	413221	
309942	412945	
309947	413106	
309929	413189	
309966	413816	
309933	413104	
309907	413355	
309908	412651	
309914	414704	
309904	413300	
309905	413247	
309940	414170	
309931	412888	
309991	412741	
309940	414315	
309968	413528	
309931	413517	
309956	412603	
309986	412814	
309944	412871	
309910	413564	
309946	413307	
309935	412391	
309914	413838	
309938	413233	
309950	412660	
310001	412943	
309951	413200	
309963	413229	
309960	413408	
309950	412526	
309935	413188	
309936	413887	
309875	412837	
309923	413362	
309976	413720	
309959	413380	
309935	414697	
309966	413108	
309971	412553	
309948	414110	
309967	413126	
309959	413749	
309962	413333	
309952	413674	
309943	413747	
309894	413437	
309903	412779	
309884	413780	
309948	413851	
309975	413564	
309932	413425	
309985	413496	
309992	413727	
309931	413512	
309931	413890	
309889	413156	
309888	413817	
309921	413581	
309962	413139	
309979	412745	
309902	413934	
309965	412982	
310019	413334	
309926	413430	
309956	413688	
309965	412113	
309942	413246	
309979	413036	
309929	413252	
309965	413679	
309958	413006	
309949	412865	
309933	413800	
309871	413139	
309904	413688	
309977	413318	
309991	413561	
310008	413420	
309965	413331	
309988	412973	
309948	412660	
309886	412919	
309901	412626	
309928	413095	
309967	413347	
309937	412749	
309999	412985	
309924	413584	
309966	413962	
309963	414389	
309984	413725	
309938	412427	
309910	412536	
310009	413829	
309940	413650	
309998	413930	
309996	413419	
309919	412820	
309968	413400	
309880	413812	
309887	414222	
309999	413260	
309992	413110	
310010	414256	
309990	414388	
309931	413861	
309912	412811	
309928	413089	
309914	413946	
309904	413846	
309978	412475	
309976	414195	
309997	413568	
309989	413463	
309940	413084	
309964	413003	
309952	412714	
309999	413689	
309963	413687	
309981	413382	
309984	412359	
309959	413564	
309890	413190	
309911	412664	
309960	413000	
309964	413156	
310023	413337	
309994	413890	
309951	414106	
309986	413777	
309983	412730	
309904	414307	
309937	413867	
309973	412277	
310007	413585	
309961	413745	
309948	413360	
310064	413293	
309980	412853	
310009	413211	
309988	413592	
310018	413649	
309994	413528	
309995	414373	
310012	413180	
309982	413106	
309942	413725	
309940	413149	
309951	412505	
309928	413956	
310019	413062	
309981	412072	
309977	412894	
309993	414106	
309998	412876	
309964	413110	
309927	414142	
309983	413307	
309970	413802	
309992	413619	
309972	412304	
309980	414480	
309982	412871	
310012	413727	
309991	413289	
309986	414721	
309989	414064	
309975	412687	
309969	413598	
310025	414298	
309989	414098	
309971	412922	
309942	412561	
309921	412885	
309979	413370	
309970	413399	
310030	412958	
309995	413251	
310022	413100	
310016	413309	
310005	413825	
309975	413852	
310002	412185	
309935	413764	
309982	413009	
310006	413400	
309978	414171	
309944	412861	
309979	413725	
309962	413571	
310038	412633	
310016	414979	
310037	413389	
309979	414151	
310024	413479	
309977	412813	
309938	413415	
309969	414266	
309995	412676	
309995	412920	
309972	413515	
309940	413358	
310058	412986	
309981	413204	
310045	412555	
310008	413584	
309995	413588	
309984	413517	
309996	413490	
309988	413469	
309945	413336	
310003	413293	
310002	413712	
309992	413989	
310022	412861	
310062	413353	
309996	413464	
310016	413467	
310054	413204	
309969	412950	
309988	412654	
310013	413916	
309968	413193	
309940	413358	
309989	412820	
309953	413666	
309991	413213	
310039	413367	
310029	413372	
310017	413439	
310048	413348	
309995	413100	
309981	413630	
309971	413474	
310016	413073	
309994	414027	
310010	412922	
310050	413948	
310017	413223	
309982	412882	
310003	412898	
310024	413177	
310038	412504	
310027	412808	
310051	413679	
310056	413882	
310041	413803	
310008	413282	
309986	413395	
309941	413439	
309984	413091	
310035	413132	
310054	412912	
310031	413776	
310031	413435	
310036	413765	
310030	413286	
309946	414037	
309995	412986	
309975	412137	
309996	412866	
310032	413333	
309997	413587	
310050	413097	
310008	413948	
310012	412710	
310051	413245	
310075	412426	
310064	413306	
310022	413322	
310005	413609	
310001	412835	
310058	413689	
310029	413122	
310024	412627	
309999	413644	
309976	413093	
310031	413349	
310011	413293	
310046	414389	
310109	413910	
310043	414179	
310016	413715	
310018	413366	
309974	413922	
310012	413669	
309998	413977	
310038	413201	
309974	412967	
310043	412904	
310059	413374	
310013	413597	
310082	413483	
310074	413341	
310040	413580	
310043	413311	
310033	413098	
310035	413171	
310001	412460	
309968	413031	
310019	413430	
310025	412553	
310114	414136	
310034	413320	
310057	413778	
310065	412951	
310073	413625	
310086	413008	
309994	413308	
310050	412730	
309966	413113	
310063	413698	
310059	412519	
310044	412801	
310037	413562	
310064	412862	
310097	413253	
310059	413238	
310043	413896	
310060	414271	
310008	413500	
310078	412629	
310059	414262	
310029	413557	
310019	413360	
310001	413275	
310015	413830	
310036	412988	
310062	414064	
310065	413583	
310093	413942	
310067	413559	
310087	413435	
310060	414064	
310068	413304	
310001	413242	
310055	412895	
310044	413321	
310011	413038	
310074	413904	
310071	413252	
310040	412928	
310050	413307	
310060	413069	
310096	413096	
310077	413923	
310060	413130	
310096	413253	
310005	413592	
310054	413223	
310000	413187	
310047	413920	
310097	413162	
310112	413101	
310126	413537	
310073	413795	
310122	413419	
310096	413613	
310063	413662	
310006	413690	
310097	414217	
310024	413781	
310092	413237	
310056	413242	
310071	413796	
310065	413138	
310094	413814	
310128	414080	
310110	413021	
310088	412703	
310056	413699	
310090	413733	
310101	413418	
310064	412949	
310023	413385	
310033	412787	
310073	412899	
310098	413703	
310088	413586	
310138	413377	
310093	413942	
310088	413553	
310094	413766	
310079	413055	
310066	413019	
310020	412622	
310032	413213	
310115	412788	
310051	414005	
310092	413024	
310060	413660	
310113	413585	
310125	413702	
310039	412952	
310106	412980	
310022	413928	
310079	412995	
310107	413636	
310091	413555	
310034	412702	
310047	414106	
310042	413670	
310072	413431	
310064	413771	
310111	412807	
310113	412467	
310119	413402	
310109	413426	
310125	412812	
310044	414540	
310080	413561	
310049	413169	
310025	413103	
310052	413728	
310064	413356	
310076	413344	
310125	413303	
310127	412363	
310106	413801	
310122	413784	
310074	413657	
310118	413259	
310108	412636	
310101	412310	
310083	412569	
310006	413806	
310077	413182	
310028	413033	
310027	413821	
310085	412219	
310117	413849	
310123	413452	
310135	413286	
310105	413503	
310109	413924	
310014	413593	
310083	414111	
310107	412942	
310113	413824	
310061	413451	
310051	413042	
310097	413704	
310101	413464	
310116	412895	
310086	412863	
310117	412989	
310090	413034	
310092	412795	
310122	413042	
310076	413061	
310060	414158	
310088	412908	
310093	413549	
310080	413153	
310159	412975	
310174	413157	
310138	413539	
310127	412686	
310103	413353	
310068	413684	
310041	413580	
310061	413285	
310111	412612	
310098	413144	
310107	413110	
310091	413303	
310087	412823	
310118	412585	
310140	413148	
310132	413295	
310114	413141	
310091	412574	
310070	413254	
310079	412712	
310134	413484	
310102	412624	
310089	413292	
310089	413467	
310097	413611	
310133	412490	
310042	413695	
310123	412959	
310067	414378	
310121	412889	
310131	413576	
310081	412589	
310077	413173	
310038	412750	
310076	412919	
310099	413101	
310114	413466	
310117	412294	
310074	413722	
310108	412862	
310104	413408	
310118	412889	
310126	413206	
310108	413355	
310104	413376	
310105	412893	
310095	412842	
310027	412986	
310115	413082	
310105	412633	
310122	413482	
310130	412907	
310100	414277	
310128	413035	
310165	413910	
310098	413245	
310057	413436	
310067	413370	
310074	413689	
310077	413782	
310100	412551	
310104	413478	
310096	412992	
310100	412736	
310114	413025	
310103	412805	
310168	412754	
310158	414176	
310112	413543	
310154	413154	
310075	413275	
310068	413537	
310083	412694	
310072	414113	
310093	412724	
310039	412272	
310127	413266	
310129	412103	
310110	413237	
310124	413246	
310174	412375	
310092	413627	
310101	413345	
310109	413157	
310112	413742	
310109	412463	
310078	412607	
310078	414026	
310122	413737	
310048	413813	
310177	413181	
310103	412687	
310137	413321	
310106	412636	
310130	413639	
310165	412477	
310146	412238	
310107	413664	
310080	413431	
310123	412389	
310152	412831	
310126	412455	
310124	413724	
310185	413123	
310149	412948	
310120	413426	
310148	412660	
310082	412855	
310098	412417	
310088	412529	
310072	413333	
310073	413479	
310172	413056	
310125	413244	
310165	412621	
310107	412437	
310129	413052	
310106	412791	
310163	413282	
310122	412989	
310094	413262	
310119	413546	
310097	413272	
310044	413555	
310062	412857	
310059	413038	
310080	412367	
310113	413581	
310131	414249	
310097	413518	
310169	412949	
310127	412823	
310108	412349	
310115	413048	
310081	413905	
310092	413401	
310086	414024	
310097	414219	
310092	413053	
310147	412480	
310094	413590	
310124	413032	
310177	413135	
310115	413188	
310159	413951	
310106	412651	
310089	413164	
310143	413011	
310088	413838	
310083	412967	
310115	413939	
310069	412046	
310091	412880	
310152	413753	
310072	412993	
310129	413239	
310097	413513	
310088	413303	
310063	413669	
310061	413864	
310143	413468	
310128	413195	
310123	412841	
310175	413091	
310160	413621	
310128	413005	
310138	413399	
310133	412166	
310139	413590	
310109	413090	
310093	413430	
310078	412628	
310107	413281	
310066	413731	
310058	413458	
310101	412642	
310063	414251	
310111	413101	
310126	413733	
310169	413318	
310130	412949	
310173	412873	
310112	414020	
310115	413660	
310085	412554	
310058	413694	
310086	412182	
310063	413133	
310108	413278	
310124	413030	
310110	412908	
310144	414148	
310147	413406	
310119	412733	
310120	413152	
310128	413058	
310137	413237	
310113	413841	
310096	411889	
310116	413228	
310055	413431	
310102	412909	
310113	413992	
310134	413124	
310120	413512	
310153	413145	
310089	412948	
310139	413795	
310085	412926	
310145	414217	
310062	413387	
310103	414084	
310103	413447	
310097	413251	
310150	413429	
310101	412798	
310104	413459	
310130	412925	
310125	413650	
310144	412497	
310087	413262	
310159	413516	
310101	413420	
310102	413150	
310091	412260	
310064	413499	
310087	412916	
310122	412200	
310108	413506	
310098	412978	
310125	413038	
310152	413110	
310107	413379	
310127	412539	
310119	412599	
310073	413368	
310079	413332	
310147	412442	
310137	412848	
310078	412691	
310129	413481	
310090	413324	
310158	412256	
310150	413324	
310147	413191	
310105	413781	
310120	413118	
310094	413804	
310088	412668	
310093	413049	
310104	412876	
310111	413506	
310120	413302	
310097	412209	
310128	412905	
310139	412463	
310128	413566	
310141	412975	
310113	413091	
310082	412796	
310057	412958	
310068	413780	
310081	413017	
310124	413144	
310138	412559	
310073	412793	
310113	414017	
310141	413751	
310155	413542	
310130	412401	
310112	414154	
310144	412171	
310075	413181	
310065	412594	
310078	413758	
310017	413224	
310117	412964	
310082	413401	
310109	413315	
310116	413599	
310110	413001	
310120	413325	
310157	413516	
310112	413398	
310116	413543	
310094	412274	
310010	413023	
310053	413431	
310093	413398	
310076	412904	
310129	413634	
310091	413331	
310038	413684	
310102	413156	
310114	413575	
310092	414240	
310114	413181	
310084	413674	
310115	413260	
310110	412777	
310053	413658	
310056	413437	
310088	412746	
310106	413278	
310125	414040	
310078	413319	
310124	413302	
310146	412988	
310105	412877	
310108	413220	
310051	414018	
310000	413397	
310092	412906	
310025	412081	
310067	413735	
310095	412522	
310071	413261	
310064	412907	
310089	412533	
310088	412559	
310113	413002	
310105	411921	
310084	413486	
310085	413395	
310032	413520	
310015	413057	
310073	413015	
310049	412263	
310084	413218	
310105	413432	
310105	412615	
310102	412970	
310110	412789	
310063	413526	
310052	413200	
310053	412260	
310081	413497	
310049	413077	
310054	413269	
310121	413139	
310044	413546	
310075	412994	
310095	413307	
310069	413570	
310094	412409	
310105	413330	
310105	413018	
310114	414088	
310057	413077	
310082	412397	
310015	412519	
310040	413660	
310007	412890	
310067	412677	
310089	413058	
310079	413631	
310085	413064	
310077	412749	
310078	414222	
310110	412168	
310047	413290	
310018	413751	
310042	412996	
310027	413446	
310077	412984	
310059	413796	
310091	413573	
310059	413297	
310101	413769	
310107	413218	
310071	413039	
310075	413295	
310057	413104	
310100	413335	
310054	412239	
310033	413517	
310032	412989	
310039	412908	
310007	413258	
310091	412104	
310065	413725	
310060	414267	
310114	412599	
310131	413782	
310126	412701	
310088	413000	
310023	413642	
310013	414725	
310102	412796	
310072	413530	
310075	412442	
310107	413605	
310045	413368	
310088	412905	
310094	413666	
310030	413285	
310136	412760	
310050	413890	
310074	414058	
310071	412801	
310011	413338	
310095	413091	
310030	413381	
310047	413502	
310053	414078	
310077	413239	
310034	413224	
310083	412546	
310067	413381	
310145	412883	
310073	413598	
310039	412893	
310054	412689	
310000	413106	
310059	412770	
310051	413786	
310066	413605	
310039	413250	
310030	411955	
310096	413156	
310122	413355	
310108	413425	
310051	413158	
310082	414347	
310034	412876	
310024	413752	
310042	412948	
310021	413291	
310041	412713	
310093	412824	
310080	413703	
310057	413123	
310082	413445	
310164	413905	
310124	412513	
310101	413982	
310047	413204	
310053	413026	
310058	414062	
310068	413456	
310073	413183	
310049	412971	
310003	412932	
310038	414037	
310099	413945	
310100	414220	
310120	412628	
310079	412622	
310048	413819	
310032	414032	
310079	413213	
310042	412734	
310007	413317	
310033	413172	
309967	412972	
310076	413193	
310132	413804	
310062	412880	
310121	413560	
310076	412509	
310074	414064	
310038	413271	
310028	412391	
310020	413026	
310018	413322	
310041	413424	
310039	412918	
310062	412847	
310063	412809	
310077	412130	
310080	413418	
310060	413875	
310075	413278	
310086	413847	
310047	414202	
310039	412582	
310072	412725	
310006	412948	
310052	413454	
309954	413094	
310000	412445	
310020	413065	
310041	412702	
310056	413387	
310075	413896	
310090	413448	
310051	413078	
310036	412954	
309999	413981	
310013	413666	
310069	412958	
310035	412285	
310070	413989	
309990	413666	
310034	413213	
310078	412469	
310040	413503	
310067	414095	
310070	412860	
310021	414832	
310083	413143	
310044	413649	
310032	412356	
310063	412881	
310028	412452	
310064	413307	
310066	412878	
310073	413292	
310059	413517	
310094	413506	
310105	413447	
310051	413752	
310044	413023	
310004	413408	
310030	412902	
310010	413126	
309994	413084	
310027	413035	
310051	413161	
310017	413328	
310068	413183	
310040	413240	
310062	413208	
310061	413083	
310059	412225	
310035	412960	
310067	412600	
310032	413672	
310083	413297	
310052	413035	
309998	412273	
310013	413160	
310023	412581	
310025	413208	
310078	413288	
310030	412309	
310062	413634	
310062	412877	
310021	413756	
310034	413161	
310017	413223	
310035	412690	
310035	413254	
310008	413468	
309974	412485	
310039	413326	
310042	413136	
310082	412697	
310056	412469	
309993	414200	
310025	414295	
310020	412443	
310000	413378	
309994	413697	
310053	413730	
310013	412067	
310037	413625	
310069	412188	
310018	413493	
310065	413579	
310050	413368	
310087	413639	
309989	412703	
309981	412794	
309974	413906	
309956	412636	
309985	413378	
309960	412678	
310039	413088	
310017	413505	
310045	413504	
310022	413618	
310027	413866	
310014	414179	
310050	412929	
310020	412693	
310022	413255	
310014	412743	
310000	413134	
309986	413407	
309964	412916	
310017	413570	
310031	413571	
310072	413288	
310056	412883	
310062	413333	
310033	413606	
310049	412381	
310053	413071	
309962	413903	
310018	412304	
310013	413278	
309974	412882	
310022	412915	
310001	413541	
310010	413726	
310020	413830	
310045	413130	
310078	413779	
309995	413916	
310027	414044	
309998	413364	
310002	413410	
309997	413460	
309985	414336	
310013	412572	
310028	412791	
310006	413142	
310002	413699	
310065	414145	
310023	413164	
310044	413790	
310052	414204	
309956	413732	
309967	413291	
310014	413642	
309960	411809	
309988	412579	
310001	413551	
309981	413143	
310038	413124	
310059	412986	
310025	412908	
310034	413204	
310019	413132	
310040	413362	
310000	412616	
310012	413398	
310021	412894	
309959	414090	
309986	412763	
309955	413501	
309976	412870	
310015	412951	
310001	412628	
310020	412698	
310044	413015	
310041	413041	
310039	412327	
309967	412537	
309947	413540	
309973	412449	
309982	413333	
310007	412769	
309991	413433	
310049	413198	
310041	414133	
309985	413361	
310012	414207	
310025	412788	
310060	413812	
309983	413569	
310001	413108	
310014	413341	
309977	413450	
309971	414372	
309964	413652	
309996	413361	
309980	412514	
310000	413833	
310026	412375	
310054	413781	
309968	413036	
310057	415088	
309974	413708	
309944	413366	
309969	413446	
309979	412931	
309997	413680	
310015	413185	
310025	414038	
309978	413836	
309995	413437	
310032	412343	
310030	413688	
310040	413302	
309997	412721	
310006	412727	
309999	412599	
309965	414034	
309999	413732	
309958	412880	
309991	413413	
310006	413648	
310025	413578	
310031	413550	
310049	412368	
310073	413120	
310039	413349	
309998	413557	
310003	413108	
309961	414180	
309960	413502	
309963	413229	
310006	413338	
310022	413808	
309992	413413	
310012	412745	
309998	413474	
310040	413628	
309990	414125	
310013	413110	
309975	412606	
309995	413393	
310013	412780	
309992	413061	
309993	413551	
309947	412583	
310000	412732	
309962	413303	
310037	413467	
310091	413094	
310070	413719	
310051	412966	
309925	413351	
309938	413340	
310028	413479	
309999	413113	
309977	413666	
309962	413854	
309985	413818	
309980	413222	
310031	412966	
309979	413439	
310088	412984	
310019	413328	
310083	413822	
309972	412509	
309986	412751	
309979	413068	
309985	411871	
309966	413934	
309960	413525	
309986	412724	
310027	412636	
309984	413001	
310033	413174	
310028	413026	
310033	412876	
310057	413847	
310024	412815	
309997	413723	
309986	412695	
310019	413015	
309994	413150	
309983	413347	
310027	413623	
309984	414185	
309999	413701	
310050	413145	
310053	412317	
309989	413014	
310011	412843	
309957	413393	
310046	413038	
310007	413527	
309935	412253	
309977	413601	
309985	414748	
309984	412887	
310038	413440	
310036	412163	
310016	412942	
310023	412961	
309999	413129	
309973	413473	
309986	412517	
309959	411607	
309955	412372	
309976	414355	
310012	413117	
310010	412752	
310024	413405	
309986	413184	
309995	413622	
310034	413703	
309983	413688	
309992	412761	
309990	414260	
310018	412352	
309991	413530	
309987	412179	
309995	413108	
309983	413658	
309997	412478	
310010	412336	
310043	413448	
309986	413058	
310080	413271	
310009	413358	
309999	412598	
309982	413054	
309991	412479	
309964	412843	
309994	413716	
309989	413042	
310018	412956	
310030	413073	
310003	414000	
310016	413659	
310037	413020	
310001	412158	
310017	413303	
309998	413353	
310051	413047	
310007	413344	
309974	412995	
309912	413307	
309972	413076	
309999	412969	
309997	412936	
310027	413213	
310007	412938	
310056	413344	
310026	413239	
310039	414050	
310004	413826	
309989	412995	
309985	413638	
309998	412826	
310002	412984	
309997	412664	
310028	412725	
309994	413293	
310013	412739	
310000	413949	
310043	412779	
309996	412720	
309994	413398	
309996	413556	
310014	413186	
309972	413719	
309979	413470	
309979	413586	
310013	413074	
309958	412502	
310010	413025	
310031	412899	
310037	413627	
309998	413043	
309970	413815	
310053	413063	
309971	412629	
310024	413039	
309996	413363	
310058	413252	
310060	413247	
309988	412753	
310011	413078	
309999	413569	
310011	413425	
310049	412982	
310037	413279	
310002	412590	
309969	414262	
310028	414063	
310027	412527	
309959	413629	
309975	413240	
309962	412592	
309969	414216	
310024	413882	
310004	413171	
310058	413389	
310063	413093	
310050	414240	
310074	414262	
309997	413397	
309978	413497	
309956	413819	
309949	413625	
310069	413107	
310037	411828	
310008	412445	
310017	413063	
310006	412989	
310054	413338	
310026	412879	
310015	412601	
309987	413104	
310065	413668	
310053	413588	
309983	413145	
309979	413291	
309928	413607	
310015	412221	
310033	413678	
310048	412947	
310025	413475	
310045	413758	
310060	412836	
310051	413753	
310003	413189	
309968	413235	
310040	413273	
310007	413580	
310032	413277	
310066	412797	
310033	413635	
310045	413119	
310048	412641	
310004	414093	
310046	413311	
310018	412433	
310089	413236	
310059	414361	
310015	413893	
309985	413095	
309976	413192	
310039	412310	
310026	412644	
309986	413626	
310057	412331	
310043	413020	
310106	413384	
310050	413811	
310053	413575	
309967	413139	
309986	412932	
309980	413176	
310027	412704	
309973	413141	
310015	413970	
310022	413195	
310016	413100	
310044	413425	
310045	413766	
310032	413734	
310052	413092	
310037	412533	
310030	413574	
309990	413260	
310023	412487	
310038	412896	
309986	412926	
310021	413146	
310013	413425	
310067	413217	
310049	413384	
310081	412740	
310023	412504	
310057	413197	
310008	412866	
310046	412989	
310005	413619	
310033	412696	
309996	413742	
310045	413667	
309987	413295	
310035	413568	
310054	413210	
310059	413451	
310051	412761	
310048	412134	
310051	413004	
310023	413652	
310057	412141	
309993	413916	
310044	413674	
310001	412521	
309988	412860	
310040	412567	
310018	412782	
310046	412465	
310070	412804	
310014	413822	
310091	413026	
310034	413514	
309966	412562	
310010	412841	
310005	413131	
309980	413327	
309990	413392	
310020	413491	
310049	413302	
310047	413171	
310089	414027	
310032	413561	
310050	413212	
310038	413265	
310041	413653	
310085	412886	
310069	412945	
310021	413529	
309992	412820	
310033	413854	
310019	413897	
310066	413351	
310108	412654	
310034	413304	
310065	413791	
310096	413158	
310103	413726	
310043	413484	
310080	412806	
310052	412735	
310067	413134	
310075	413304	
310071	412807	
310043	413047	
310020	414314	
310042	412799	
310093	413158	
310106	413488	
310079	412708	
310082	413321	
310034	413346	
310061	413274	
310065	413026	
310005	413191	
310010	412917	
310043	413238	
310045	413334	
310071	412991	
310071	413339	
310097	413837	
310103	413445	
310119	412748	
310030	413288	
310029	412574	
310063	413107	
310097	412222	
310062	413085	
310025	413365	
310044	412942	
310035	414334	
310087	412329	
310171	413035	
310078	413334	
310109	413593	
310095	412772	
310069	413028	
310057	413889	
310031	413430	
310067	413552	
310093	413217	
310048	413391	
310037	412540	
310077	413428	

 Comment
