Version  	 2.0
 Type  	analog
 Azimut 	180
 Exceed 	40
 Alpha  	20
 Quantity of cycles 	500
 Quantity of strobes 	2001
 Strobe 	10
 Delay  	0
 Time begin 	18:34:06
 Time end   	18:34:31
 Data
309477	412797	
309442	413051	
309193	412186	
309550	412051	
309367	458484	
309260	418203	
310212	415161	
317535	411056	
312521	413080	
311529	414024	
310976	411763	
310142	412502	
309892	413288	
309774	413512	
309658	412312	
309585	413888	
309461	412220	
309458	413464	
309439	412285	
309447	413530	
309502	412321	
309391	412971	
309313	412037	
309306	412987	
309359	412676	
309319	411734	
309310	412764	
309296	412619	
309313	412401	
309347	413235	
309439	413001	
309402	411976	
309387	411948	
309357	413242	
309377	413608	
309328	413508	
309335	412058	
309359	411965	
309330	412455	
309377	413020	
309339	412389	
309287	412000	
309304	412574	
309288	412934	
309355	412357	
309351	412865	
309397	412356	
309365	412756	
309440	413006	
309455	414816	
309451	412315	
309475	412360	
309450	412070	
309456	412261	
309405	412602	
309466	412771	
309385	412428	
309402	411962	
309382	412422	
309429	412069	
309483	411867	
309540	412790	
309434	412312	
309424	412409	
309454	413831	
309455	412746	
309481	413148	
309523	412405	
309462	412030	
309498	412605	
309524	412979	
309461	412398	
309484	412531	
309447	412240	
309475	412978	
309428	412400	
309458	412378	
309406	412397	
309451	412235	
309440	412479	
309494	412366	
309547	412830	
309521	413009	
309546	412115	
309428	413397	
309485	412229	
309446	412945	
309484	412468	
309446	413062	
309431	412069	
309506	412498	
309473	412990	
309412	412437	
309414	413114	
309401	412899	
309447	413705	
309442	412382	
309478	412377	
309447	412257	
309483	413045	
309469	412138	
309486	412581	
309488	412196	
309452	412988	
309439	412565	
309456	413118	
309411	413040	
309363	412591	
309339	412432	
309380	413127	
309394	412585	
309434	412252	
309493	412420	
309424	413054	
309413	412171	
309455	412164	
309384	412545	
309461	411923	
309458	413239	
309479	411858	
309466	412702	
309491	412706	
309417	413408	
309391	412468	
309409	412764	
309340	412917	
309375	413510	
309316	412204	
309356	412744	
309369	412409	
309397	412851	
309481	411842	
309442	412593	
309386	412419	
309444	411740	
309396	412329	
309422	412468	
309405	413081	
309397	412656	
309396	412559	
309362	412250	
309455	413194	
309399	412372	
309335	412466	
309375	412077	
309373	411840	
309369	411899	
309370	412870	
309370	412789	
309382	412524	
309451	412933	
309427	412048	
309478	413118	
309371	412313	
309384	412375	
309379	413057	
309378	412752	
309365	412557	
309391	412623	
309333	412071	
309398	411782	
309355	412205	
309428	412509	
309439	412017	
309357	411702	
309419	413101	
309341	412137	
309355	411602	
309392	412253	
309415	412311	
309373	412717	
309395	412410	
309396	413393	
309393	412538	
309426	411778	
309329	412792	
309373	413262	
309349	412067	
309293	412437	
309343	412065	
309362	412795	
309398	412705	
309460	412074	
309362	413224	
309397	412398	
309410	413024	
309370	412867	
309396	413416	
309410	413423	
309373	412856	
309372	413664	
309334	412536	
309373	412233	
309315	412583	
309286	412876	
309469	412112	
309886	412613	
310263	411825	
310565	412975	
311236	412429	
311260	412256	
311364	412393	
311729	412608	
312322	413066	
312016	412823	
311465	412546	
311134	413572	
310810	413573	
310606	411588	
310398	412357	
310146	411952	
309993	412755	
309837	412885	
309763	412571	
309558	412980	
309522	412478	
309461	413093	
309424	413739	
309428	412154	
309452	412055	
309395	412656	
309391	412702	
309386	412379	
309388	412530	
309386	412601	
309375	412482	
309351	412894	
309313	412755	
309264	412842	
309319	412018	
309273	412164	
309338	412159	
309402	412528	
309394	412604	
309394	413010	
309376	414184	
309352	412450	
309378	411913	
309375	413228	
309317	413152	
309319	412672	
309355	412504	
309294	412327	
309334	412443	
309326	412289	
309200	412414	
309307	412122	
309338	413079	
309250	412291	
309263	412604	
309298	412110	
309334	412828	
309371	412981	
309361	413419	
309345	413560	
309345	413381	
309389	412710	
309304	412467	
309248	412416	
309283	412577	
309290	412350	
309285	411622	
309274	413168	
309304	412141	
309333	413514	
309319	412534	
309385	412384	
309345	413920	
309305	412722	
309396	412986	
309326	411990	
309318	412528	
309345	412601	
309371	412260	
309385	412811	
309300	412759	
309366	412611	
309268	412574	
309271	412831	
309291	411524	
309261	413113	
309316	412721	
309267	411753	
309330	412762	
309404	412939	
309355	412524	
309323	412252	
309360	413407	
309379	413309	
309351	413138	
309338	411793	
309315	412674	
309385	412428	
309304	411826	
309309	412918	
309306	412338	
309301	411879	
309285	412258	
309299	412387	
309258	412065	
309270	412733	
309340	412292	
309374	413095	
309370	413689	
309360	413713	
309324	413837	
309363	412629	
309319	411953	
309321	411350	
309221	413057	
309250	413202	
309313	411811	
309285	412863	
309314	412017	
309344	413049	
309360	411748	
309335	413228	
309320	412634	
309277	413174	
309348	413009	
309328	413047	
309397	412540	
309368	412625	
309403	412995	
309305	412714	
309331	412657	
309359	412441	
309367	413361	
309294	411380	
309284	412443	
309266	413591	
309233	412645	
309326	412655	
309350	412138	
309374	412393	
309359	412836	
309362	412619	
309382	412923	
309376	413524	
309329	413100	
309285	412734	
309333	413053	
309315	412142	
309363	412070	
309344	413209	
309283	413141	
309282	411986	
309262	412967	
309274	412819	
309320	412088	
309355	413136	
309341	411484	
309357	412097	
309356	412515	
309364	413379	
309377	413269	
309423	413158	
309338	411689	
309336	412915	
309307	412917	
309286	412076	
309254	413017	
309287	412882	
309271	412346	
309333	412972	
309310	412526	
309378	412468	
309350	413185	
309366	412001	
309291	412755	
309337	411754	
309353	412281	
309328	413597	
309363	413108	
309391	413435	
309364	412378	
309307	412853	
309372	411957	
309322	413097	
309294	411619	
309251	412347	
309252	412047	
309261	412724	
309297	412281	
309343	412873	
309341	412364	
309316	413331	
309357	412432	
309391	412739	
309354	412623	
309356	411610	
309371	411935	
309330	412425	
309362	412285	
309329	412032	
309305	412112	
309282	412224	
309236	412347	
309280	412349	
309321	411223	
309291	412677	
309319	411933	
309325	412293	
309354	412886	
309398	412685	
309397	412763	
309381	413277	
309354	412817	
309353	412165	
309360	411977	
309287	412963	
309261	412856	
309260	412731	
309257	412739	
309307	412758	
309340	411830	
309335	413319	
309308	412429	
309317	413851	
309349	412257	
309293	412507	
309351	412512	
309334	413219	
309378	412671	
309370	412867	
309345	413058	
309356	412387	
309377	412253	
309365	412044	
309293	413575	
309290	412814	
309248	412117	
309256	412204	
309286	412287	
309353	412346	
309334	412994	
309395	412502	
309367	413039	
309379	412384	
309398	412776	
309364	412566	
309304	412848	
309335	412458	
309336	412155	
309325	412924	
309347	412734	
309324	412083	
309272	412097	
309258	412730	
309300	412330	
309326	413263	
309280	412557	
309342	412194	
309381	411566	
309346	413217	
309334	412486	
309410	413082	
309346	412276	
309361	412810	
309396	412343	
309299	411698	
309321	412635	
309267	412043	
309265	412247	
309296	412876	
309303	412126	
309312	411930	
309342	412593	
309288	412773	
309380	412491	
309267	412001	
309326	411969	
309358	413044	
309340	412496	
309353	413124	
309369	412494	
309342	412248	
309356	411576	
309367	413123	
309335	411720	
309298	412790	
309272	411509	
309303	412272	
309311	412562	
309287	411845	
309341	412066	
309392	412009	
309416	412484	
309415	412699	
309403	412002	
309391	412484	
309343	412129	
309314	412717	
309305	412265	
309397	412307	
309415	413073	
309336	411970	
309366	412607	
309315	411853	
309296	412805	
309319	412746	
309364	411742	
309314	411633	
309319	412199	
309308	412425	
309391	412587	
309453	412151	
309365	412931	
309392	411624	
309366	412502	
309370	412791	
309325	412157	
309315	411978	
309264	411978	
309291	412675	
309369	412430	
309400	412568	
309334	411339	
309331	412652	
309365	413072	
309322	411938	
309356	412717	
309344	411982	
309377	411978	
309376	412720	
309435	412797	
309394	413062	
309386	411707	
309400	411839	
309358	412828	
309312	412491	
309302	411962	
309327	411781	
309223	412890	
309329	412768	
309356	411126	
309334	412696	
309367	412834	
309421	413221	
309418	413200	
309426	412019	
309387	412494	
309396	412865	
309338	413042	
309396	412900	
309330	413216	
309342	413894	
309405	413429	
309339	412334	
309288	412417	
309323	412314	
309291	412237	
309405	412369	
309333	412101	
309362	412922	
309382	412888	
309406	412643	
309435	412420	
309421	411802	
309391	412013	
309365	412845	
309372	412953	
309339	411941	
309316	412657	
309335	411704	
309324	412097	
309354	412331	
309342	412108	
309380	412313	
309411	411982	
309370	412554	
309345	412777	
309377	411636	
309373	411708	
309389	412336	
309451	411820	
309401	413180	
309446	412160	
309386	413608	
309410	412537	
309398	413048	
309393	413141	
309320	412045	
309314	412665	
309373	413013	
309337	413378	
309347	411997	
309381	413030	
309356	411769	
309454	413129	
309451	413099	
309451	413929	
309415	411719	
309371	413150	
309404	412530	
309387	412672	
309361	413483	
309384	412833	
309306	412668	
309294	411818	
309250	413374	
309361	411658	
309355	411269	
309345	411752	
309344	412583	
309362	412134	
309418	413013	
309360	412478	
309321	412303	
309438	413212	
309395	413043	
309440	412120	
309405	412513	
309334	412651	
309340	412278	
309243	412577	
309378	412057	
309372	412110	
309382	411438	
309379	411613	
309380	411543	
309377	412676	
309382	411285	
309365	413023	
309358	412326	
309372	412943	
309469	412012	
309426	412992	
309453	413035	
309423	412939	
309448	413215	
309369	412330	
309343	412264	
309369	412468	
309295	411802	
309326	412542	
309390	412363	
309344	412067	
309435	412450	
309456	413699	
309425	411745	
309412	412701	
309422	412164	
309391	412440	
309408	412997	
309382	412307	
309410	412497	
309363	412073	
309408	412586	
309336	412432	
309364	412339	
309366	412967	
309363	412603	
309362	412340	
309386	412517	
309371	412917	
309407	412022	
309481	412391	
309442	413000	
309429	412541	
309436	413263	
309364	412943	
309409	412719	
309391	412996	
309311	412416	
309316	413494	
309354	412427	
309369	411729	
309360	413009	
309404	411993	
309387	412974	
309423	412778	
309423	412502	
309422	412324	
309459	411676	
309408	412003	
309401	412496	
309405	412296	
309421	412698	
309486	412351	
309411	412931	
309450	412101	
309374	412436	
309363	412389	
309300	413330	
309299	412982	
309372	413043	
309330	412329	
309469	412035	
309429	412215	
309405	412225	
309461	412605	
309416	413075	
309441	412901	
309376	410876	
309405	412595	
309386	412857	
309380	412206	
309422	412749	
309405	413428	
309371	412956	
309341	411996	
309416	411690	
309381	412060	
309385	412362	
309376	412232	
309413	411857	
309448	413800	
309511	412051	
309428	413382	
309424	413161	
309453	413234	
309428	413056	
309448	412543	
309398	412384	
309324	411578	
309408	412464	
309386	412663	
309452	412513	
309405	411596	
309438	412292	
309396	412184	
309421	412299	
309402	412556	
309384	412156	
309425	412022	
309428	413202	
309452	412461	
309477	411975	
309440	412492	
309494	412688	
309452	413018	
309414	413075	
309401	412601	
309386	412277	
309340	412354	
309340	411713	
309331	412264	
309433	412363	
309422	412130	
309494	413697	
309452	413063	
309472	412930	
309502	413320	
309424	413389	
309410	412848	
309393	412730	
309439	412430	
309413	412403	
309465	412934	
309409	411871	
309371	412400	
309372	411819	
309405	413026	
309434	412175	
309398	411599	
309406	412489	
309403	412709	
309491	412703	
309529	411967	
309481	412655	
309492	412667	
309451	412688	
309446	412333	
309421	412813	
309430	412078	
309406	411945	
309381	412529	
309391	412890	
309424	412212	
309423	411105	
309425	412277	
309471	412166	
309406	412820	
309417	411273	
309447	412759	
309438	411999	
309413	413104	
309461	411920	
309451	412079	
309513	413304	
309441	412552	
309488	411699	
309431	412564	
309376	412218	
309367	411829	
309368	412025	
309351	413126	
309388	412680	
309455	412127	
309455	412068	
309543	412146	
309503	412819	
309510	412069	
309483	412361	
309448	412822	
309467	412978	
309477	412221	
309458	411665	
309437	411351	
309430	411925	
309472	412463	
309412	411796	
309416	412950	
309426	412168	
309380	412340	
309500	412329	
309432	412309	
309410	413298	
309440	412679	
309458	412864	
309527	413002	
309523	413185	
309474	412534	
309426	412928	
309478	412663	
309434	412072	
309435	412270	
309386	412028	
309412	411655	
309455	412149	
309422	411962	
309460	412394	
309419	412724	
309458	412131	
309459	412650	
309488	413066	
309488	411826	
309502	412047	
309488	412622	
309473	413257	
309524	412369	
309507	413111	
309431	412302	
309490	412579	
309387	412984	
309431	412885	
309413	412117	
309435	412136	
309467	412259	
309435	411741	
309538	411832	
309534	413730	
309534	412806	
309561	412336	
309517	412164	
309451	413300	
309471	413088	
309502	411564	
309454	412056	
309465	412292	
309481	412636	
309425	413285	
309465	411733	
309422	411912	
309478	411882	
309442	411846	
309508	411664	
309445	412516	
309504	412287	
309553	412103	
309537	412204	
309556	412947	
309525	411643	
309471	411760	
309486	412750	
309479	412932	
309391	413496	
309397	412033	
309462	411032	
309449	412512	
309455	411947	
309481	413068	
309461	412818	
309474	414036	
309515	412358	
309516	412161	
309480	412387	
309468	411127	
309479	412558	
309579	412371	
309499	412250	
309558	412317	
309528	412409	
309481	412327	
309437	412476	
309487	412499	
309469	412876	
309443	412134	
309436	412239	
309451	412866	
309474	413017	
309549	411837	
309558	411603	
309555	413324	
309480	412093	
309515	412318	
309502	412775	
309466	412879	
309453	412397	
309500	411775	
309459	411839	
309512	412293	
309437	411722	
309468	413140	
309470	411866	
309439	412925	
309529	412742	
309467	411743	
309520	411870	
309493	412959	
309546	412322	
309563	413279	
309535	412006	
309526	412729	
309496	413367	
309531	412980	
309479	412476	
309480	413024	
309416	412020	
309459	412589	
309459	412251	
309523	412912	
309507	411629	
309488	413083	
309504	412416	
309520	412636	
309493	412029	
309501	412456	
309502	412192	
309532	411891	
309529	412786	
309535	411865	
309573	412345	
309525	412504	
309482	412522	
309472	413557	
309419	411922	
309442	412476	
309426	411526	
309432	412122	
309478	412923	
309523	412149	
309554	411432	
309535	412023	
309555	411809	
309539	413005	
309538	413412	
309562	412871	
309499	413126	
309464	411498	
309504	412162	
309517	412574	
309477	412128	
309470	410956	
309455	411779	
309453	411381	
309493	411617	
309473	412553	
309505	412649	
309500	412073	
309484	412222	
309531	412895	
309532	412640	
309502	412716	
309533	412589	
309516	411885	
309505	412131	
309479	411429	
309442	412034	
309440	411379	
309528	412142	
309502	412874	
309485	412136	
309483	411511	
309497	412248	
309488	412030	
309543	412412	
309518	412444	
309485	412994	
309539	412734	
309513	411789	
309556	412941	
309531	412066	
309537	413211	
309511	411805	
309484	412923	
309444	412995	
309428	413053	
309455	412618	
309462	413375	
309476	412637	
309526	412240	
309522	412153	
309554	412771	
309576	412235	
309554	412343	
309502	411962	
309517	412853	
309526	412821	
309507	412160	
309538	412244	
309475	412582	
309532	411855	
309511	412277	
309449	411771	
309500	411443	
309489	412860	
309454	412243	
309496	412431	
309500	411807	
309554	412684	
309559	413081	
309517	413542	
309607	412744	
309567	412167	
309526	412233	
309544	412054	
309536	411997	
309470	411758	
309444	412000	
309468	411988	
309474	411441	
309529	411908	
309549	412305	
309510	412263	
309536	412965	
309523	412534	
309513	412625	
309548	411307	
309510	412006	
309500	412184	
309591	412537	
309573	411530	
309576	412139	
309530	412701	
309551	412931	
309507	412267	
309465	412660	
309465	412074	
309463	412285	
309506	412268	
309455	412553	
309569	412177	
309549	411961	
309531	412369	
309549	412422	
309562	412404	
309596	412493	
309565	412003	
309477	412772	
309527	412693	
309486	411968	
309551	411700	
309538	412669	
309468	412289	
309473	412036	
309481	412553	
309495	411963	
309496	412006	
309490	413633	
309529	411591	
309531	412482	
309568	413113	
309587	411688	
309548	412618	
309558	412097	
309540	412298	
309572	412205	
309520	412544	
309532	412683	
309514	411423	
309477	411805	
309547	412779	
309509	412489	
309574	411921	
309532	412421	
309556	412728	
309496	412750	
309535	412657	
309489	412331	
309573	412457	
309573	411422	
309588	412742	
309566	413123	
309577	412527	
309539	412344	
309546	411455	
309489	412184	
309514	412441	
309531	412506	
309510	411340	
309497	412792	
309531	412526	
309577	412659	
309589	411800	
309588	412258	
309549	413204	
309555	411522	
309558	412400	
309581	412836	
309500	412777	
309559	412403	
309516	413148	
309539	412495	
309546	412102	
309525	411523	
309470	412416	
309468	411685	
309506	411827	
309520	412451	
309498	412347	
309499	411321	
309521	412808	
309554	412112	
309574	412027	
309543	412248	
309506	411900	
309555	412984	
309511	412516	
309452	412356	
309482	412348	
309493	412808	
309510	412048	
309556	411791	
309504	413212	
309504	412516	
309620	412187	
309563	411824	
309541	412606	
309540	412899	
309527	412156	
309565	412645	
309570	412694	
309567	413858	
309561	412456	
309613	412518	
309555	411898	
309501	412668	
309526	411141	
309469	413038	
309466	413025	
309463	411529	
309434	412069	
309506	412208	
309547	412249	
309578	412409	
309559	412031	
309587	412187	
309541	411976	
309559	411540	
309567	412342	
309512	412453	
309510	412788	
309547	411596	
309516	411639	
309505	413049	
309467	411990	
309515	411842	
309531	411775	
309489	412256	
309541	412057	
309533	411522	
309508	411589	
309551	412633	
309537	411953	
309584	412370	
309552	412814	
309563	413048	
309555	413077	
309509	411981	
309466	412524	
309498	412956	
309507	411654	
309472	412674	
309449	411827	
309524	412461	
309503	412538	
309530	412518	
309527	412021	
309516	412980	
309578	411570	
309605	411575	
309560	412353	
309504	412790	
309581	412748	
309570	412332	
309569	412119	
309494	412601	
309494	412413	
309487	412578	
309491	412033	
309375	410974	
309433	411922	
309491	411213	
309492	411853	
309512	411694	
309548	412293	
309564	412819	
309586	413111	
309565	411129	
309508	412741	
309492	412544	
309522	411823	
309611	411587	
309518	412560	
309502	413192	
309509	412521	
309477	411896	
309496	412731	
309439	412198	
309493	412449	
309482	412103	
309486	411556	
309505	411327	
309553	412784	
309573	413184	
309586	412230	
309561	412074	
309486	412662	
309555	412050	
309440	411783	
309445	412234	
309447	412710	
309454	410923	
309496	412159	
309469	411695	
309525	412175	
309486	411273	
309482	413065	
309455	412842	
309480	411811	
309522	412495	
309527	412736	
309519	412553	
309503	411482	
309599	411751	
309568	412383	
309567	412917	
309467	412171	
309482	412478	
309437	412104	
309488	412226	
309449	411877	
309462	411726	
309472	412362	
309518	411607	
309534	412483	
309576	412104	
309515	412930	
309590	412217	
309501	412540	
309527	411408	
309499	412379	
309512	411243	
309519	411720	
309477	411508	
309491	411726	
309517	412315	
309480	411780	
309461	412356	
309471	411686	
309484	412010	
309506	411611	
309510	412110	
309539	412280	
309515	411831	
309553	413009	
309568	412316	
309478	412411	
309537	412127	
309544	411685	
309455	412281	
309422	412038	
309428	411961	
309407	411923	
309518	412649	
309490	411121	
309515	412292	
309505	411695	
309510	412571	
309483	412083	
309494	412377	
309533	411998	
309546	412944	
309497	411923	
309493	412960	
309553	412449	
309539	412021	
309550	412552	
309524	412649	
309495	412962	
309454	411496	
309466	411727	
309476	411759	
309429	412396	
309489	412797	
309528	411866	
309548	412752	
309561	412256	
309544	412004	
309549	412595	
309518	412566	
309567	412540	
309463	412512	
309505	411304	
309497	412035	
309511	412993	
309490	412754	
309439	412182	
309467	412843	
309481	411483	
309497	411475	
309447	412172	
309492	411994	
309463	412420	
309553	412303	
309554	411726	
309570	411549	
309509	413095	
309525	413068	
309558	412123	
309486	412443	
309464	411993	
309453	411838	
309451	411852	
309436	412372	
309471	411188	
309497	412380	
309517	412971	
309519	412836	
309484	411841	
309518	412677	
309501	412887	
309509	412108	
309525	412366	
309508	412757	
309536	412132	
309524	413133	
309549	413452	
309510	412543	
309517	412084	
309442	412477	
309399	412165	
309466	412477	
309447	412022	
309452	413270	
309543	411899	
309518	412050	
309492	412625	
309487	412374	
309550	412414	
309524	412818	
309536	412502	
309531	413042	
309517	413150	
309505	411955	
309488	412351	
309472	412041	
309410	411887	
309425	411917	
309407	412413	
309441	412586	
309469	412575	
309492	412910	
309468	412510	
309486	412358	
309548	412413	
309501	411829	
309506	412711	
309496	412544	
309481	413157	
309503	411703	
309490	412597	
309417	411346	
309426	412335	
309384	412415	
309462	411873	
309468	412212	
309493	412521	
309457	411233	
309488	413285	
309566	412576	
309460	412378	
309495	412874	
309480	411891	
309544	412445	
309541	411161	
309549	411266	
309509	412150	
309506	412847	
309483	411794	
309459	412536	
309435	412208	
309417	412631	
309418	411854	
309388	412430	
309456	412380	
309472	411810	
309509	412618	
309529	413176	
309505	412001	
309524	411480	
309514	413318	
309530	412382	
309461	412468	
309459	412018	
309484	411819	
309451	411868	
309453	411763	
309431	412677	
309422	411843	
309356	412149	
309468	412158	
309465	411617	
309490	411780	
309431	412695	
309477	412984	
309486	412368	
309535	412645	
309538	412071	
309493	412116	
309500	412280	
309494	411597	
309465	412703	
309387	411436	
309404	411800	
309397	411642	
309402	412235	
309445	411571	
309411	411835	
309463	412282	
309445	412092	
309494	412081	
309490	413164	
309464	412253	
309507	412359	
309488	411821	
309507	411697	
309497	411766	
309515	411840	
309481	412149	
309500	412487	
309426	412251	
309407	412180	
309369	411801	
309386	412428	
309399	411630	
309400	412258	
309453	411280	
309472	412913	
309460	412449	
309475	412413	
309516	411446	
309521	411977	
309510	412139	
309419	412466	
309444	411641	
309451	411736	
309422	412371	
309439	412585	
309414	411974	
309391	412311	
309416	412103	
309439	412526	
309443	412069	
309408	411211	
309425	412492	
309463	411449	
309498	411972	
309469	413559	
309484	412172	
309477	412527	
309537	412705	
309493	412630	
309417	412076	
309373	412709	
309412	412004	
309402	412746	
309430	412589	
309462	412560	
309439	412435	
309412	412743	
309456	412046	
309406	410939	
309457	411393	
309499	412167	
309471	412186	
309485	412930	
309487	412294	
309497	411804	
309509	412522	
309471	412361	
309397	412747	
309436	412139	
309389	413008	
309360	412363	
309387	412333	
309425	411871	
309421	412450	
309410	411645	
309533	412157	
309489	412390	
309433	413172	
309490	412272	
309514	413406	
309497	411993	
309451	411593	
309404	412063	
309411	413298	
309459	411653	
309420	413001	
309358	412115	
309413	412026	
309454	411921	
309470	411861	
309423	411946	
309434	412222	
309477	411949	
309479	412237	
309484	412628	
309440	412943	
309443	412030	
309424	412734	
309488	412189	
309442	412693	
309419	412016	
309357	412483	
309392	411503	
309374	412229	
309412	412323	
309400	412148	
309432	412220	
309516	411968	
309433	412724	
309389	412185	
309419	412286	
309439	412612	
309487	412318	
309477	412280	
309459	412860	
309511	412716	
309478	412537	
309403	412082	
309410	412912	
309375	412351	
309380	412254	
309380	411789	
309355	412104	
309385	411591	
309425	412092	
309453	411386	
309443	412283	
309440	412440	
309477	413044	
309474	412243	
309534	412792	
309425	412443	
309475	411948	
309449	412184	
309446	412750	
309463	412276	
309391	412249	
309433	411898	
309371	411924	
309407	411655	
309386	412557	
309412	412666	
309422	412142	
309437	412120	
309458	412221	
309471	412399	
309410	411906	
309416	412607	
309448	412245	
309445	413306	
309403	412618	
309392	412626	
309375	411650	
309353	411518	
309367	412353	
309394	412068	
309428	411926	
309414	411797	
309446	412301	
309409	412533	
309398	411776	
309383	412488	
309434	411987	
309416	412882	
309520	412054	
309492	412689	
309521	413506	
309506	411461	
309488	411954	
309388	412154	
309438	411847	
309417	412234	
309342	411996	
309338	411402	
309429	411867	
309408	411779	
309442	412531	
309466	412248	
309464	411930	
309484	412761	
309473	411993	
309430	412879	
309430	412352	
309477	412394	
309432	411675	
309373	412686	
309411	412680	
309404	412609	
309384	411964	
309407	411749	
309411	411656	
309419	412476	
309418	411709	
309410	412019	
309437	411870	
309456	412239	
309463	412991	
309485	412270	
309434	412021	
309391	412133	
309412	413261	
309387	412489	
309426	412378	
309366	412325	
309356	412604	
309420	411411	
309453	411409	
309438	412618	
309439	412678	
309421	412472	
309366	412301	
309414	411342	
309395	412290	
309408	412128	
309453	412482	
309465	412497	
309470	412378	
309461	411833	
309448	412756	
309427	412184	
309402	413009	
309380	412134	
309379	411800	
309320	411806	
309378	411990	
309423	411761	
309428	412595	
309448	412224	
309452	412033	
309467	412483	
309488	412056	
309496	413428	
309484	413069	
309468	411548	
309413	413022	
309423	412451	
309409	411481	
309367	412229	
309376	411440	
309355	411805	
309395	412720	
309367	411421	
309424	412681	
309425	412081	
309432	412084	
309426	411822	
309469	412909	
309463	412545	
309453	412600	
309464	412308	
309464	412714	
309432	411550	
309388	411711	
309360	411807	
309319	411815	
309367	411870	
309429	412422	
309452	411434	
309477	411976	
309416	412700	
309455	412506	
309442	412199	
309418	411977	
309387	412590	
309395	412211	
309410	412503	
309474	412264	
309488	412113	
309439	412807	
309393	412386	
309435	412407	
309382	411694	
309343	412636	
309344	412176	
309328	411375	
309416	411671	
309389	412345	
309422	412450	
309499	412254	
309445	412643	
309466	412661	
309494	411938	
309480	412011	
309423	411880	
309475	412594	
309401	412171	
309416	412971	
309389	412500	
309424	412530	
309390	411748	
309438	411394	
309379	411924	
309375	412379	
309436	411921	
309429	412595	
309439	412392	
309480	411588	
309395	412418	
309482	413317	
309440	412635	
309444	412022	
309460	412039	
309424	412066	
309377	412598	
309402	412088	
309365	410908	
309393	411164	
309370	412667	
309409	412216	
309410	411592	
309427	411534	
309388	412749	
309423	412424	
309416	411936	
309422	411478	
309454	413374	
309492	411953	
309473	412371	
309484	412874	
309426	412609	
309411	412761	
309464	411977	
309366	412577	
309375	412167	
309391	412150	
309345	411430	
309348	411854	
309437	413072	
309492	412290	
309459	412462	
309430	412496	
309501	411540	
309446	411575	
309471	411820	
309442	411952	
309451	412028	
309463	412082	
309426	411889	
309381	412655	
309367	412023	
309337	412647	
309379	411864	
309367	413447	
309391	412783	
309421	411988	
309381	412933	
309455	413149	
309488	413061	
309487	412835	
309493	412392	
309433	413195	
309448	413780	
309468	412248	
309432	412488	
309310	412801	
309365	412526	
309389	412070	
309406	412307	
309418	412416	
309438	412362	
309409	411799	
309410	411548	
309374	412638	
309423	412249	
309428	412646	
309446	411921	
309459	412932	
309459	412868	
309505	411754	
309478	412681	
309436	411961	
309380	411728	
309417	411908	
309391	412490	
309391	412468	
309388	411344	
309377	410998	
309393	411815	
309439	412011	
309433	411148	
309459	412339	
309464	412110	
309497	413067	
309474	412515	
309439	411345	
309359	413041	
309424	412317	
309395	412413	
309415	412425	
309444	412667	
309389	412986	
309375	412065	
309369	412361	
309384	412343	
309403	412012	
309451	412297	
309397	413183	
309461	412426	
309470	412195	
309521	412291	
309452	411831	
309461	412360	
309401	412549	
309424	411960	
309406	412474	
309369	412606	
309296	412342	
309390	412124	
309425	411860	
309401	412145	
309470	412147	
309363	411953	
309418	412155	
309421	411691	
309415	411126	
309411	412104	
309515	411960	
309483	411745	
309447	412875	
309491	412329	
309531	412532	
309407	412251	
309423	412219	
309395	411429	
309407	412345	
309406	411213	
309346	411576	
309411	412807	
309438	411409	
309485	412101	
309524	413093	
309475	412060	
309517	411796	
309438	412617	
309464	412703	
309515	411558	
309422	412524	
309420	412649	
309413	411869	
309460	412430	
309467	412505	
309446	412134	
309419	411514	
309426	412486	
309437	411174	
309416	412702	
309415	412181	
309450	411849	
309471	411499	
309516	412488	
309464	411585	
309443	412811	
309511	412877	
309445	412995	
309452	412938	
309437	413000	
309402	411804	
309443	411676	
309442	412183	
309461	412321	
309402	411625	
309443	413109	
309445	412138	
309512	412800	
309453	411458	
309430	412392	
309494	411849	
309465	413146	
309520	412646	
309513	411765	
309479	412706	
309501	412713	
309513	412147	
309427	411935	
309415	412183	
309419	411785	
309399	411294	
309433	412469	
309396	411298	
309423	411112	
309532	412279	
309511	412649	
309527	412504	
309535	412466	
309500	412533	
309443	412808	
309486	411788	
309523	411581	
309448	412811	
309400	412568	
309445	412432	
309439	413828	
309369	411888	
309409	412112	
309387	412761	
309357	412155	
309482	411669	
309418	412438	
309442	412110	
309519	411732	
309471	412523	
309533	412512	
309532	411597	
309530	411683	
309444	412057	
309436	412016	
309381	412216	
309364	412274	
309437	411973	
309455	412158	
309441	411548	
309433	412136	
309444	412432	
309437	411683	
309488	412292	
309486	413021	
309492	412446	
309501	411807	
309546	411538	
309507	412344	
309561	411544	
309503	411707	
309522	411576	
309450	412476	
309471	412689	
309422	412006	
309466	411768	
309374	412403	
309403	412456	
309436	412407	
309523	411842	
309499	411683	
309546	412572	
309532	413405	
309491	412772	
309536	412796	
309472	412407	
309499	412019	
309461	412382	
309485	411706	
309512	411710	
309464	413193	
309413	412013	
309437	412206	
309410	411550	
309424	412146	
309441	412628	
309473	411331	
309425	412171	
309525	411612	
309572	412420	
309430	412781	
309522	412616	
309464	412930	
309535	412174	
309487	412623	
309455	412046	
309427	412112	
309415	412304	
309413	411787	
309453	410545	
309457	413063	
309488	412515	
309497	412048	
309488	412551	
309498	412223	
309475	412376	
309453	412479	
309544	412047	
309497	411155	
309532	412333	
309525	412591	
309472	412151	
309544	412962	
309471	411659	

 Comment
@