Version  	 2.0
 Type  	analog
 Azimut 	180
 Exceed 	40
 Alpha  	20
 Quantity of cycles 	500
 Quantity of strobes 	2001
 Strobe 	10
 Delay  	0
 Time begin 	21:08:38
 Time end   	21:09:03
 Data
310329	410941	
310316	409705	
310100	410424	
310415	410616	
310362	451042	
310294	420100	
310337	464065	
311888	556017	
310958	433410	
310806	415791	
310894	412221	
310609	410495	
310295	410705	
310424	411539	
310402	410303	
310324	410350	
310289	409291	
310253	410894	
310321	410710	
310308	410349	
310367	410244	
310376	409939	
310330	410526	
310285	410339	
310328	410102	
310323	409819	
310318	410059	
310254	410689	
310316	410165	
310307	410578	
310307	410224	
310278	410726	
310303	411227	
310281	411668	
310355	412013	
310445	414390	
310415	416166	
310389	418343	
310442	420273	
310559	422581	
310548	424531	
310568	425807	
310503	426516	
310552	427757	
310635	429031	
310685	430686	
310611	430895	
310657	432892	
310669	433518	
310662	434118	
310683	435139	
310684	434510	
310651	435050	
310668	434176	
310654	434510	
310667	434808	
310652	435326	
310633	433585	
310636	434481	
310650	432584	
310664	432467	
310598	431217	
310636	431780	
310642	430840	
310607	430542	
310564	429651	
310552	429123	
310554	428026	
310571	427983	
310571	427831	
310578	426953	
310575	426715	
310612	425872	
310621	426808	
310645	426638	
310548	424775	
310508	424653	
310536	424166	
310521	423695	
310539	423633	
310476	422417	
310506	422784	
310490	422611	
310540	421852	
310491	421472	
310550	422038	
310539	422467	
310521	420897	
310488	420565	
310529	419998	
310538	420381	
310448	419402	
310441	418564	
310478	419585	
310435	417835	
310454	419242	
310526	418193	
310471	418522	
310497	418382	
310483	418861	
310478	418260	
310448	417651	
310487	416963	
310409	417596	
310432	417648	
310425	416555	
310418	418009	
310414	417166	
310444	417303	
310440	416502	
310435	416443	
310448	416870	
310417	416421	
310412	416506	
310429	416964	
310405	415615	
310435	415458	
310396	416268	
310413	415500	
310407	415832	
310458	414737	
310376	415162	
310412	415337	
310491	415505	
310416	416112	
310426	414780	
310423	414705	
310400	414625	
310372	416136	
310351	415099	
310420	415143	
310387	415052	
310406	414631	
310407	414433	
310334	414435	
310375	413865	
310410	413803	
310437	414020	
310389	414459	
310410	414058	
310344	413687	
310398	414097	
310349	414046	
310381	413963	
310358	413770	
310371	413520	
310362	413897	
310341	414499	
310407	414508	
310394	413589	
310349	413174	
310377	412662	
310349	413901	
310362	413752	
310388	413193	
310389	413326	
310383	413399	
310408	413723	
310359	414620	
310402	413238	
310354	414434	
310422	413618	
310397	413461	
310373	413386	
310356	413200	
310399	413472	
310333	411692	
310369	413754	
310349	412987	
310326	412718	
310334	413008	
310382	412556	
310334	413526	
310371	412675	
310381	412906	
310405	412861	
310344	412859	
310308	413823	
310332	413730	
310305	412678	
310333	412892	
310352	412882	
310375	413279	
310338	412360	
310336	412407	
310336	412775	
310353	412122	
310380	413059	
310336	413005	
310363	413626	
310374	412783	
310379	412277	
310320	413168	
310299	412205	
310296	412258	
310347	412145	
310337	411905	
310420	413552	
310363	412935	
310367	412869	
310357	413070	
310317	412202	
310360	411281	
310314	411427	
310394	411067	
310367	411808	
310301	411214	
310275	411527	
310318	410266	
310322	411159	
310351	411003	
310340	410547	
310337	411188	
310389	410720	
310315	410319	
310330	410664	
310341	410316	
310304	410602	
310365	410241	
310305	410940	
310338	410675	
310351	410508	
310396	410321	
310349	409631	
310346	411050	
310301	409905	
310366	410939	
310333	409907	
310302	409689	
310266	410298	
310280	409865	
310288	410200	
310351	410900	
310293	410064	
310261	410203	
310380	409844	
310297	410029	
310324	409031	
310308	410308	
310347	410409	
310338	410337	
310323	410704	
310285	410686	
310310	409529	
310308	410775	
310346	409769	
310303	409520	
310280	409408	
310265	410084	
310304	410031	
310352	409576	
310320	409463	
310330	410114	
310310	410170	
310299	410661	
310336	410183	
310295	409778	
310305	410584	
310253	409743	
310270	410670	
310342	409608	
310320	410451	
310370	409989	
310355	410548	
310328	410242	
310335	409229	
310366	410318	
310322	408461	
310320	409809	
310282	409418	
310328	410364	
310284	409504	
310336	410099	
310325	409002	
310336	409762	
310349	409873	
310320	409839	
310322	409868	
310268	410625	
310275	410149	
310288	409850	
310295	410319	
310293	409936	
310302	409293	
310292	409663	
310295	410010	
310341	410364	
310363	410803	
310325	409987	
310347	410390	
310355	409756	
310284	410001	
310331	409689	
310316	409137	
310297	410235	
310292	409385	
310307	410552	
310313	409641	
310352	410072	
310295	409783	
310306	409908	
310338	409944	
310283	409784	
310307	410862	
310337	410049	
310353	409888	
310313	411003	
310279	410092	
310270	410273	
310285	409863	
310328	409700	
310309	408876	
310260	409613	
310330	408999	
310316	410771	
310292	411383	
310328	409472	
310286	410338	
310307	410178	
310299	409524	
310272	409888	
310310	410592	
310310	409642	
310270	409804	
310305	410244	
310373	409834	
310318	410247	
310346	409556	
310290	409603	
310330	409887	
310291	410037	
310303	410509	
310315	409130	
310313	408928	
310333	409560	
310304	409572	
310263	409521	
310298	409951	
310322	409826	
310302	409925	
310310	409865	
310307	409824	
310297	409566	
310303	410805	
310354	409124	
310278	410883	
310261	409469	
310273	409785	
310254	410132	
310263	409400	
310314	409768	
310306	409844	
310357	410201	
310291	410995	
310321	410263	
310309	410780	
310343	409723	
310298	409486	
310254	410334	
310315	410555	
310253	410052	
310269	409959	
310314	410500	
310322	409878	
310317	409988	
310325	410934	
310319	409890	
310330	409988	
310242	411871	
310260	410259	
310307	409198	
310273	409402	
310302	409519	
310291	408854	
310323	409739	
310315	410065	
310322	409859	
310251	410215	
310279	410109	
310283	410126	
310306	409976	
310242	409838	
310281	410297	
310273	409728	
310281	409482	
310343	409594	
310241	409620	
310269	409300	
310320	410602	
310343	410026	
310329	410218	
310299	409398	
310313	410642	
310323	408954	
310308	409516	
310273	409621	
310305	409833	
310286	409713	
310316	410228	
310283	410332	
310301	408702	
310303	409529	
310323	409518	
310300	409676	
310265	409828	
310269	409197	
310276	410214	
310237	410099	
310268	409951	
310309	409794	
310323	410078	
310274	409246	
310280	410572	
310321	409303	
310295	409638	
310319	410057	
310314	409923	
310331	409424	
310321	410425	
310326	410059	
310291	410422	
310285	409549	
310305	410387	
310248	410556	
310319	410117	
310284	409460	
310314	410401	
310321	410245	
310293	410083	
310317	410329	
310243	410895	
310325	410213	
310317	410584	
310328	410110	
310297	409858	
310287	410051	
310317	410079	
310292	409720	
310257	410043	
310313	408539	
310328	409833	
310333	410437	
310341	409870	
310289	410673	
310298	409492	
310290	409282	
310232	409231	
310290	409898	
310261	409704	
310272	410228	
310338	409576	
310343	410464	
310297	409596	
310311	410190	
310311	410698	
310266	409428	
310323	409859	
310315	410213	
310294	409577	
310304	410038	
310351	409851	
310285	409541	
310276	409517	
310260	410271	
310287	410125	
310252	409714	
310295	409665	
310324	410088	
310291	410177	
310303	410058	
310241	409881	
310251	410944	
310257	409892	
310285	411236	
310305	410453	
310278	410207	
310319	409312	
310340	410249	
310278	410358	
310267	409283	
310262	409562	
310298	410813	
310280	408914	
310248	409390	
310255	410197	
310272	410336	
310314	409375	
310383	410694	
310281	408845	
310254	409989	
310312	410100	
310317	410598	
310327	409526	
310281	409806	
310302	409229	
310281	409776	
310270	410514	
310300	409018	
310259	408756	
310285	409377	
310270	409775	
310310	410606	
310256	409724	
310285	410025	
310287	410528	
310300	410629	
310290	409760	
310253	409873	
310281	409604	
310255	410115	
310346	409894	
310319	409896	
310277	409894	
310305	410053	
310329	409989	
310332	410240	
310290	410255	
310298	409806	
310312	409873	
310316	409823	
310252	409956	
310243	409250	
310274	409324	
310254	409565	
310322	410428	
310266	410113	
310292	409934	
310289	410204	
310321	409315	
310348	410308	
310303	410820	
310270	410427	
310307	409688	
310307	409109	
310248	410780	
310310	409580	
310335	409250	
310289	409381	
310325	409543	
310287	409539	
310276	410143	
310338	409307	
310334	410147	
310327	410795	
310369	410567	
310324	409216	
310313	410433	
310350	409730	
310264	410680	
310303	409642	
310303	409851	
310347	409817	
310384	410162	
310316	409334	
310316	409718	
310301	410380	
310329	409434	
310327	409615	
310318	409676	
310304	409523	
310311	410018	
310334	409686	
310284	409633	
310305	409205	
310328	409890	
310321	409428	
310339	410482	
310308	409965	
310326	410850	
310367	410686	
310335	409894	
310299	410579	
310298	409838	
310327	409306	
310327	409443	
310340	409733	
310367	409945	
310323	409391	
310333	409211	
310399	410383	
310375	410409	
310310	410388	
310305	409488	
310316	409574	
310334	409758	
310336	409140	
310314	409873	
310298	409306	
310336	409744	
310373	409804	
310304	410082	
310285	409447	
310369	410167	
310357	410436	
310353	409972	
310350	409766	
310336	409562	
310243	410014	
310290	409945	
310245	409060	
310283	410014	
310285	410512	
310387	409652	
310315	409925	
310368	409595	
310203	409353	
310215	410340	
310262	410289	
310325	409704	
310348	409608	
310340	410068	
310311	410359	
310336	409806	
310312	409684	
310303	409644	
310307	409185	
310357	410100	
310346	409307	
310359	409479	
310345	409599	
310346	410132	
310366	410420	
310285	409796	
310290	409072	
310323	409950	
310312	410451	
310344	410498	
310394	409311	
310345	410392	
310293	409744	
310369	410125	
310329	410032	
310265	410119	
310320	410254	
310326	409446	
310362	409990	
310304	409646	
310330	409962	
310310	409891	
310319	409623	
310298	410793	
310367	410063	
310348	409530	
310374	410631	
310326	410333	
310360	410858	
310377	410325	
310333	409624	
310275	409569	
310317	409390	
310252	410132	
310307	410185	
310340	410402	
310349	410227	
310321	409439	
310384	409239	
310303	410073	
310299	409788	
310313	410578	
310328	410265	
310313	409830	
310300	409182	
310277	409508	
310277	408714	
310335	410856	
310347	409355	
310376	409748	
310363	410426	
310324	408762	
310338	410062	
310353	410205	
310326	409995	
310325	409882	
310294	409626	
310325	410718	
310326	409606	
310296	410506	
310391	409434	
310341	410216	
310394	410620	
310371	409373	
310333	410927	
310334	410529	
310342	410374	
310322	410143	
310345	409594	
310373	409189	
310306	410444	
310349	409634	
310354	409569	
310329	408344	
310355	409408	
310380	410670	
310348	410703	
310365	409278	
310331	410270	
310372	410357	
310297	410301	
310277	409446	
310318	409719	
310302	410514	
310330	409959	
310307	409899	
310346	409440	
310300	410241	
310351	410104	
310377	409733	
310275	410216	
310296	409826	
310374	410216	
310341	410400	
310329	409766	
310336	409671	
310311	410629	
310378	410078	
310290	410299	
310331	410518	
310320	409554	
310383	409277	
310376	409865	
310315	410073	
310404	409834	
310325	410731	
310395	409182	
310294	409802	
310306	408619	
310362	410120	
310335	409857	
310336	409831	
310403	409289	
310395	410272	
310395	410341	
310373	410520	
310341	409711	
310328	408662	
310285	410209	
310322	410403	
310343	409153	
310341	409003	
310311	409140	
310365	409738	
310365	409094	
310314	409911	
310379	409953	
310371	410503	
310397	410859	
310360	409418	
310395	409583	
310344	410153	
310358	409668	
310318	409660	
310308	408670	
310327	410320	
310329	410104	
310315	410240	
310336	409255	
310380	409672	
310338	409167	
310381	409367	
310358	410239	
310336	409483	
310378	409962	
310311	410036	
310331	410090	
310356	409531	
310362	410546	
310312	409624	
310351	410461	
310374	409924	
310354	410379	
310371	408816	
310398	410158	
310386	409539	
310347	410203	
310358	409931	
310352	410148	
310330	409423	
310343	408983	
310382	408927	
310366	409773	
310360	409430	
310410	410197	
310374	410212	
310327	409700	
310396	409837	
310359	410172	
310373	409736	
310334	410094	
310417	409791	
310349	410007	
310397	410687	
310377	409991	
310395	410213	
310342	409446	
310363	409116	
310377	410296	
310435	409929	
310397	410857	
310456	410190	
310415	410694	
310340	409088	
310295	408977	
310376	409495	
310363	409039	
310419	409247	
310383	409676	
310388	409610	
310342	409116	
310407	410179	
310327	410249	
310382	409261	
310350	409713	
310412	409377	
310395	409877	
310380	409809	
310352	410028	
310368	409632	
310386	409868	
310381	409765	
310409	409175	
310361	409894	
310441	410578	
310454	410281	
310362	410716	
310390	409334	
310389	410036	
310350	409560	
310383	410039	
310414	409930	
310378	409624	
310415	410063	
310416	410377	
310422	410180	
310396	410120	
310391	410242	
310386	409028	
310394	409223	
310333	409325	
310353	410097	
310374	409898	
310408	409085	
310388	409157	
310381	409673	
310363	410340	
310402	409270	
310386	410887	
310444	409127	
310426	409080	
310428	409723	
310392	410200	
310397	409453	
310348	409259	
310334	409434	
310400	409572	
310378	409771	
310408	408748	
310404	410450	
310382	411251	
310427	409806	
310393	409546	
310389	409653	
310437	408987	
310418	409212	
310406	409641	
310402	409289	
310370	411019	
310398	410611	
310440	409660	
310392	411186	
310444	410055	
310386	410460	
310419	409765	
310433	410244	
310469	409719	
310367	410246	
310395	410187	
310387	409115	
310388	409987	
310445	409507	
310380	408877	
310411	409787	
310392	410290	
310440	410394	
310445	410670	
310403	410157	
310412	409531	
310430	409175	
310395	411013	
310375	410055	
310375	409167	
310369	409889	
310406	410231	
310419	409695	
310415	410231	
310397	409305	
310427	409463	
310385	409563	
310456	409971	
310444	410119	
310399	409600	
310438	409669	
310423	409097	
310367	410780	
310392	410813	
310389	409272	
310418	409926	
310463	410160	
310523	409247	
310409	410720	
310368	410376	
310402	409694	
310458	410293	
310410	409655	
310406	409427	
310445	409458	
310427	410198	
310429	408490	
310452	408437	
310417	410050	
310396	409288	
310434	409914	
310482	409588	
310420	409530	
310450	409569	
310441	409972	
310452	409739	
310398	409789	
310354	409502	
310426	409607	
310414	409394	
310408	409586	
310443	410453	
310426	409804	
310434	410507	
310423	409766	
310397	409252	
310432	409397	
310394	409665	
310479	409533	
310424	409179	
310384	409628	
310432	409304	
310470	409916	
310395	410166	
310432	409625	
310450	410440	
310457	409733	
310433	409587	
310466	410567	
310447	408653	
310425	409733	
310427	409172	
310460	409667	
310397	409297	
310353	409903	
310431	409437	
310405	410562	
310467	410079	
310441	410057	
310429	409509	
310432	409514	
310431	409755	
310463	409271	
310456	410436	
310386	410210	
310467	409974	
310464	410653	
310398	410471	
310417	410637	
310408	409635	
310442	409923	
310466	410141	
310444	409769	
310466	409615	
310450	409830	
310451	409639	
310413	408808	
310397	409772	
310464	409567	
310423	410042	
310467	410175	
310400	409672	
310429	409312	
310503	410066	
310503	409445	
310449	409680	
310395	409735	
310416	408863	
310454	409944	
310448	409608	
310473	410462	
310403	409349	
310436	409391	
310423	409109	
310462	409986	
310447	409886	
310470	409637	
310480	410313	
310462	409501	
310500	410475	
310468	409867	
310435	409898	
310437	409966	
310411	408099	
310413	410041	
310383	410756	
310421	409322	
310462	409137	
310460	410007	
310438	410347	
310460	410196	
310442	409218	
310412	409699	
310459	409304	
310440	408654	
310438	410069	
310459	410304	
310495	409172	
310410	409447	
310405	409919	
310415	409310	
310501	409669	
310453	410086	
310488	410137	
310421	409913	
310456	409809	
310469	409970	
310448	409813	
310456	409128	
310389	409795	
310437	409739	
310455	409249	
310453	410065	
310490	410046	
310476	410421	
310444	410158	
310487	410253	
310438	409713	
310461	409663	
310435	409841	
310426	410549	
310402	409556	
310441	409085	
310453	409289	
310474	409427	
310518	409877	
310479	409258	
310484	409448	
310491	409878	
310507	409749	
310453	409937	
310463	408914	
310447	410836	
310426	410025	
310454	410525	
310478	408690	
310425	409741	
310375	409454	
310506	410051	
310488	409747	
310488	409585	
310483	410187	
310442	408911	
310426	410754	
310438	408902	
310463	409888	
310467	410297	
310420	408847	
310457	410423	
310465	410160	
310494	410427	
310428	409872	
310530	410005	
310481	409295	
310441	409590	
310477	410491	
310473	409548	
310454	409634	
310492	409622	
310425	410254	
310440	409050	
310455	409916	
310492	409891	
310435	410132	
310469	410351	
310518	409748	
310495	409777	
310484	409859	
310404	409866	
310467	410450	
310436	409626	
310472	409486	
310475	409220	
310450	408701	
310449	409533	
310463	409956	
310489	409682	
310510	410262	
310479	409597	
310436	409384	
310526	409454	
310448	410482	
310458	409650	
310475	409478	
310441	408935	
310476	409247	
310406	409560	
310452	409146	
310443	409944	
310497	409730	
310508	409018	
310428	409962	
310453	408828	
310425	410148	
310482	408910	
310497	409572	
310503	410049	
310480	409573	
310424	410186	
310449	409147	
310490	410012	
310477	409683	
310405	410788	
310473	409594	
310500	409323	
310507	409962	
310466	410804	
310470	409769	
310433	410176	
310461	410119	
310422	410747	
310431	410453	
310421	409539	
310466	409770	
310464	409682	
310451	409438	
310472	409701	
310490	409525	
310457	409945	
310448	409247	
310451	409961	
310426	410100	
310453	410209	
310461	409955	
310447	408667	
310479	410274	
310429	410064	
310495	410012	
310542	409737	
310459	410429	
310484	409445	
310492	409496	
310480	410276	
310418	409711	
310434	408982	
310418	410592	
310482	408955	
310448	409754	
310460	410010	
310495	408831	
310472	409976	
310477	409684	
310472	409106	
310471	409666	
310476	410128	
310508	409700	
310469	408830	
310463	410026	
310441	409426	
310445	409349	
310448	409360	
310469	410495	
310502	409597	
310525	410299	
310516	410149	
310498	410453	
310538	409511	
310493	410183	
310478	410121	
310477	409596	
310456	409707	
310469	409628	
310458	410430	
310468	409933	
310503	409739	
310526	409641	
310453	409713	
310490	409986	
310490	409914	
310437	410225	
310475	409437	
310419	410761	
310482	409461	
310434	410074	
310450	410329	
310467	410023	
310455	410062	
310496	410016	
310495	410649	
310513	410472	
310535	410050	
310521	410830	
310503	411328	
310510	409650	
310500	410789	
310415	410003	
310468	409728	
310457	410837	
310479	411620	
310477	409998	
310472	411255	
310457	410952	
310460	409800	
310468	409904	
310487	410921	
310491	410097	
310510	410764	
310480	410068	
310427	409734	
310455	409667	
310432	410263	
310445	410592	
310472	410736	
310518	410109	
310468	410535	
310470	409992	
310499	409450	
310498	410066	
310500	410745	
310462	409402	
310464	410087	
310474	410635	
310489	410122	
310457	411021	
310478	409496	
310497	409866	
310447	409648	
310527	410696	
310469	410100	
310473	409392	
310472	409924	
310417	410174	
310409	409246	
310476	410164	
310425	410000	
310459	409973	
310459	409649	
310471	409861	
310465	409886	
310493	409756	
310524	409909	
310518	409696	
310456	410533	
310451	409751	
310513	409524	
310439	410031	
310416	410592	
310476	409438	
310419	410842	
310480	410115	
310501	408782	
310495	409644	
310512	409939	
310508	410717	
310514	411145	
310485	410350	
310482	410330	
310478	409915	
310509	409708	
310504	409177	
310430	409394	
310439	410208	
310444	410228	
310477	410641	
310494	410302	
310451	409425	
310482	410185	
310465	410004	
310434	409573	
310466	410958	
310448	410160	
310425	409590	
310464	409284	
310452	410111	
310507	409075	
310480	410533	
310489	409392	
310487	409888	
310501	410377	
310478	409875	
310448	409525	
310480	410585	
310472	409977	
310447	409822	
310414	408875	
310439	409695	
310443	409629	
310402	410322	
310473	409572	
310508	408997	
310477	410273	
310503	410474	
310490	410520	
310445	410707	
310475	409876	
310485	409947	
310478	409516	
310414	410311	
310448	409607	
310452	409562	
310472	409965	
310466	410190	
310517	409537	
310472	410754	
310447	409965	
310487	410127	
310485	409598	
310487	410889	
310493	410488	
310483	410179	
310490	410161	
310443	410333	
310468	409569	
310438	410347	
310472	411356	
310513	409941	
310502	410014	
310469	410022	
310469	409923	
310456	409887	
310484	409923	
310423	410766	
310441	410860	
310487	409924	
310412	409584	
310463	410308	
310449	409606	
310508	409573	
310501	410572	
310469	410276	
310504	410502	
310423	409279	
310465	409204	
310437	409685	
310447	408701	
310390	410171	
310440	409729	
310444	410156	
310461	409408	
310448	409590	
310480	410298	
310474	409377	
310498	409348	
310482	410284	
310472	409564	
310415	409692	
310462	409761	
310454	409478	
310417	410446	
310456	409612	
310419	409459	
310504	409763	
310483	409933	
310475	408902	
310453	409754	
310445	409828	
310454	409292	
310509	410023	
310427	409176	
310454	408955	
310439	409703	
310460	409461	
310436	410248	
310457	409944	
310443	410007	
310448	410206	
310462	409742	
310457	411062	
310472	410257	
310507	409407	
310429	409118	
310439	410136	
310439	408382	
310416	409054	
310459	409092	
310451	409464	
310433	410832	
310466	410496	
310475	409438	
310513	410310	
310473	409105	
310464	409477	
310409	410161	
310493	409721	
310455	409580	
310456	409974	
310413	408774	
310431	408752	
310449	409888	
310416	409085	
310453	409800	
310471	409566	
310487	409895	
310480	409848	
310474	409877	
310445	409514	
310417	409402	
310410	410444	
310408	409611	
310377	409253	
310446	409263	
310403	410141	
310441	409177	
310463	410976	
310417	409884	
310449	409504	
310401	409892	
310449	408612	
310443	409877	
310457	409982	
310469	410271	
310428	409573	
310478	409447	
310388	409962	
310411	409453	
310491	410219	
310458	410143	
310410	409722	
310480	410618	
310462	410362	
310423	410306	
310480	409242	
310423	410376	
310402	409481	
310379	410291	
310425	410474	
310474	409776	
310445	409473	
310406	410535	
310529	409341	
310481	410790	
310449	410298	
310441	410376	
310454	409374	
310411	409492	
310401	410553	
310378	409398	
310400	409172	
310433	410247	
310396	409486	
310443	409138	
310450	410184	
310476	409595	
310426	409498	
310484	410121	
310444	409571	
310432	410284	
310434	408554	
310357	409701	
310438	410973	
310380	410621	
310389	410405	
310396	409939	
310451	410107	
310441	410333	
310366	409855	
310422	410510	
310430	411043	
310441	409012	
310407	408837	
310431	409356	
310395	410843	
310403	409138	
310435	409202	
310403	409645	
310355	410859	
310404	409883	
310443	410485	
310472	409643	
310374	408692	
310479	410499	
310404	409094	
310393	409855	
310381	409703	
310372	409524	
310386	411296	
310413	409143	
310421	410334	
310435	409948	
310413	409779	
310424	409742	
310462	410125	
310392	410784	
310430	409657	
310390	409832	
310440	410443	
310407	409714	
310383	410794	
310401	409542	
310394	411251	
310438	409297	
310476	409707	
310417	409893	
310411	409515	
310433	410283	
310434	410010	
310429	409749	
310471	410213	
310404	409823	
310424	410606	
310386	408911	
310404	409347	
310363	409400	
310403	410296	
310455	409386	
310469	409370	
310365	409534	
310409	409158	
310442	409913	
310407	409596	
310381	409356	
310423	408947	
310379	408815	
310421	409808	
310405	410600	
310358	410004	
310386	409442	
310435	408960	
310408	408621	
310426	409579	
310407	410166	
310380	409847	
310429	409890	
310380	409444	
310416	410139	
310401	410374	
310432	409148	
310399	409651	
310429	409929	
310374	409771	
310406	409975	
310402	410045	
310443	410609	
310415	409774	
310403	410357	
310422	410744	
310452	409347	
310398	408649	
310421	409768	
310385	409881	
310358	409092	
310409	409460	
310445	409511	
310393	409970	
310435	410273	
310440	409923	
310418	409538	
310402	409568	
310411	409382	
310364	409238	
310378	409494	
310373	409264	
310400	410074	
310403	408891	
310375	409474	
310409	409255	
310454	410145	
310399	409725	
310407	409923	
310423	410267	
310402	409561	
310432	411070	
310383	409419	
310387	410137	
310396	410240	
310378	409593	
310401	409988	
310402	409693	
310365	409527	
310482	410267	
310393	409640	
310441	409690	
310392	409438	
310413	409510	
310380	410059	
310428	409129	
310401	409289	
310378	410263	
310424	409758	
310360	408923	
310400	409803	
310422	409987	
310373	409410	
310452	409522	
310398	409199	
310389	408721	
310357	409725	
310392	410660	
310392	409308	
310413	409903	
310381	409525	
310361	409671	
310431	409490	
310406	409210	
310404	409136	
310444	410366	
310382	410177	
310383	409727	
310419	410071	
310390	409850	
310403	410145	
310374	409348	
310380	409421	
310411	409512	
310417	409941	
310383	409939	
310404	410123	
310387	409475	
310411	410456	
310419	409813	
310398	409785	
310401	410103	
310386	409642	
310398	410292	
310374	408786	
310341	408862	
310361	409674	
310399	409056	
310386	408973	
310404	409943	
310357	408792	
310416	409520	
310402	408820	
310389	409738	
310376	409955	
310410	409764	
310405	409605	
310384	409328	
310437	409925	
310365	410155	
310424	409933	
310411	409827	
310371	409256	
310375	408775	
310398	409055	
310371	409818	
310362	409388	
310395	410498	
310325	409652	
310407	409999	
310383	409271	
310353	408872	
310361	409289	
310377	409883	
310390	409949	
310403	409837	
310425	409997	
310409	409671	
310418	409163	
310377	409650	
310329	410455	
310359	409845	
310342	410014	
310390	409702	
310367	410960	
310412	410392	
310380	409553	
310337	409758	
310410	409544	
310390	410212	
310356	409885	
310369	408940	
310372	410015	
310377	410029	
310363	410661	
310355	409988	
310346	410201	
310403	409422	
310402	408765	
310336	409635	
310428	410643	
310383	409523	
310345	409393	
310389	408862	
310353	409467	
310390	408827	
310419	409759	
310367	409604	
310391	408769	
310345	409744	
310354	409493	
310411	410080	
310382	410219	
310402	410065	
310395	409529	
310385	409560	
310353	408967	
310342	409703	
310361	410206	
310318	409929	
310388	409024	
310334	409949	
310390	409501	
310358	409884	
310410	409456	
310368	410003	
310376	410170	
310418	410392	
310376	409696	
310385	408567	
310358	409628	
310324	408876	
310340	409986	
310375	409268	
310388	409616	
310372	409314	
310352	409048	
310369	409198	
310395	408707	
310377	409913	
310361	409459	
310365	409061	
310368	409382	
310384	409465	
310348	409479	
310375	408878	
310345	410057	
310346	409349	
310368	409618	
310332	409995	
310378	409838	
310392	409749	
310391	409117	
310376	409246	
310361	410086	
310383	409006	
310340	409322	
310400	410697	
310360	409748	
310333	409782	
310404	410025	
310385	409782	
310375	409263	
310391	410665	
310397	409161	
310342	409424	
310356	410102	
310384	408863	
310340	409886	
310324	409527	
310347	409182	
310352	410582	
310392	409764	
310375	409367	
310362	409078	
310362	409876	
310393	410381	
310421	410085	
310433	410064	
310363	410232	
310393	409702	
310367	409991	
310346	410011	
310306	409615	
310330	408788	
310360	409418	
310331	408797	
310378	409711	
310381	409156	
310342	409245	
310347	409066	
310382	408655	
310383	410580	
310374	409314	
310323	408797	
310377	408747	
310309	410388	
310330	410150	
310373	409666	
310449	410284	
310375	408718	
310387	409466	
310406	409637	
310348	410100	
310380	409524	
310401	410314	
310360	410420	
310400	409315	
310401	409691	
310341	411089	
310369	409492	
310374	409415	
310391	410146	
310375	408714	
310357	409961	
310396	410352	
310371	409342	
310367	409864	
310340	410203	
310389	409081	
310313	410671	
310311	410417	
310385	408498	
310345	409147	
310336	410169	
310369	410342	
310375	409446	
310415	409391	
310389	409096	
310425	410025	
310373	409723	
310348	409711	
310349	410030	
310377	408864	
310351	409116	
310369	409486	
310340	409240	
310382	410246	
310385	410152	
310347	409828	
310383	409548	
310351	409956	
310373	408947	
310391	410557	
310337	408821	
310386	410522	
310380	409775	
310396	410103	
310346	409103	
310349	409897	
310374	409840	
310368	409078	
310362	409059	
310384	409601	
310345	409620	
310412	408496	
310359	410359	
310376	408964	
310352	409925	
310351	409859	
310392	410179	
310355	409871	
310359	410376	
310399	410563	
310389	409283	
310409	410339	
310395	409907	
310390	409505	
310348	408998	
310368	409253	
310366	409279	
310339	410001	
310402	409683	
310341	409425	
310360	409618	
310387	409496	
310356	410019	
310408	409913	
310392	409805	
310385	410217	
310407	409612	
310310	409645	
310384	409384	
310373	409649	
310329	409235	
310368	409443	
310320	409037	
310366	409279	
310385	410138	
310398	409292	
310412	409922	
310363	410054	
310355	410120	
310396	409854	
310355	410053	
310338	410019	
310370	409929	
310420	409369	
310342	409156	
310372	409850	
310338	408865	
310402	409729	
310410	408682	
310388	410301	
310411	408659	
310344	409718	
310387	409711	
310422	409550	
310364	408792	
310328	409558	
310391	409137	
310401	410002	
310404	409713	
310379	408396	
310396	410215	
310422	409181	
310376	408676	
310372	409906	
310359	409242	
310323	410015	
310400	410172	
310411	409608	
310389	410575	
310355	409682	
310354	409605	
310386	410120	
310373	409235	
310366	409494	
310418	410107	
310392	409395	
310373	410054	
310370	409998	
310334	409721	
310351	409579	
310365	409660	
310374	409301	
310351	408687	
310363	409007	
310442	409939	
310450	409823	
310387	408819	
310371	409538	
310377	410074	
310348	409747	
310429	409490	
310414	409851	
310321	409519	
310370	410085	
310334	409153	
310357	409849	
310405	409218	
310398	408916	
310412	409495	
310444	409632	
310395	410340	
310398	410292	
310417	410558	
310410	408927	
310380	409366	
310353	409272	
310368	409401	
310364	409331	
310403	409529	
310397	409806	
310355	409698	
310389	410966	
310429	409588	
310405	409537	
310377	409354	
310414	410083	
310352	409675	
310392	409512	
310463	409865	
310345	409998	
310352	410005	
310370	409521	
310395	409736	
310387	408878	
310331	408564	
310394	409097	
310446	410165	
310389	409400	
310385	410513	
310384	409867	
310377	409124	
310404	409796	
310382	409491	
310360	409188	
310365	409554	
310436	409952	
310443	410311	
310388	409655	
310443	409584	
310411	409358	
310342	409432	
310411	410217	
310410	410445	
310370	409631	
310427	410180	
310419	409528	
310404	408909	
310379	410202	
310352	410599	
310390	409786	
310416	409670	
310369	408617	
310419	409796	
310381	409678	
310412	410513	
310374	411306	
310463	409590	
310344	409966	
310336	410051	
310416	408853	
310444	410521	
310374	410331	
310466	410181	
310417	409113	
310370	410036	
310409	408447	
310370	409789	

 Comment
