Version  	 2.0
 Type  	analog
 Azimut 	180
 Exceed 	40
 Alpha  	20
 Quantity of cycles 	500
 Quantity of strobes 	2001
 Strobe 	10
 Delay  	0
 Time begin 	21:52:38
 Time end   	21:53:03
 Data
311036	400167	
311102	398840	
310789	399215	
311025	399859	
311097	438958	
310963	409581	
310920	450194	
312636	569216	
311485	427280	
311510	406510	
311589	401775	
311352	399626	
310958	400713	
311003	400531	
311120	400292	
311054	400025	
310999	400771	
310955	399831	
310999	400306	
310956	399271	
311081	398961	
310968	400014	
310939	400018	
310998	400367	
311011	400258	
311058	399412	
311054	400971	
310967	399914	
310924	400072	
311007	399993	
310976	401173	
310940	398885	
310929	400567	
310982	401528	
311036	401753	
311111	404589	
311137	406331	
311186	409521	
311196	412226	
311265	414271	
311256	416777	
311311	418510	
311306	420632	
311302	422388	
311388	423866	
311368	423651	
311363	425977	
311328	426894	
311421	426145	
311430	427890	
311400	427986	
311404	428293	
311410	428152	
311426	428074	
311431	427661	
311420	427701	
311359	427088	
311364	426885	
311365	427212	
311353	426605	
311367	424683	
311309	424559	
311395	423505	
311380	423171	
311347	422613	
311355	421622	
311350	421051	
311352	420287	
311311	419322	
311249	418749	
311266	418057	
311256	419336	
311290	417651	
311347	418340	
311364	418448	
311304	417280	
311296	416856	
311308	416495	
311264	416543	
311251	416492	
311235	415786	
311235	414218	
311231	413798	
311244	413118	
311254	413571	
311297	412605	
311244	412586	
311254	411630	
311253	413202	
311227	411672	
311288	410394	
311231	410528	
311173	410239	
311168	410211	
311179	410136	
311184	409942	
311211	409953	
311212	408561	
311155	409183	
311158	409368	
311217	408580	
311202	408319	
311201	407653	
311203	408723	
311152	407321	
311159	407415	
311164	407774	
311142	406473	
311145	407494	
311144	405416	
311123	406182	
311123	406181	
311162	406859	
311124	405945	
311129	405190	
311150	405992	
311148	404881	
311114	405714	
311134	405391	
311108	404845	
311124	405124	
311122	404910	
311084	404905	
311111	405616	
311170	404945	
311168	404526	
311120	405567	
311191	403665	
311076	405185	
311109	403552	
311111	404363	
311047	404337	
311090	403500	
311084	403755	
311062	403575	
311060	403919	
311141	404708	
311158	404570	
311170	404793	
311141	404586	
311128	403415	
311092	403904	
311060	404092	
311095	402827	
311075	402601	
311071	403135	
311033	402879	
311044	403882	
311092	403116	
311130	403550	
311086	403231	
311158	403910	
311095	402402	
311100	403418	
311107	403141	
311076	403170	
311075	403328	
311108	401749	
311052	403575	
311042	401983	
311078	402345	
311100	403141	
311165	402715	
311071	402888	
311084	401962	
311079	402018	
311085	402542	
311059	402599	
311049	402910	
311032	402799	
311041	402404	
311021	402181	
311025	402603	
311041	401967	
311065	402438	
311078	402774	
311119	402462	
311074	402247	
311109	403030	
311041	402037	
311043	402475	
310988	401394	
311072	402025	
311037	401762	
311021	402919	
311055	402216	
311076	401169	
311057	400168	
311122	400955	
311081	401765	
311069	401066	
311022	401314	
311058	401260	
311010	400915	
311040	401627	
311015	401365	
310962	401107	
311031	400712	
311024	401306	
311030	401559	
311082	400710	
311062	400413	
311024	400114	
311047	400816	
311038	400198	
311019	400275	
310983	401038	
311063	400897	
311030	400055	
311029	401282	
311013	400424	
310973	400720	
311049	400674	
311056	400498	
311069	399091	
311061	400422	
311029	400250	
311001	400209	
311052	400077	
311023	399235	
311005	400085	
311008	399562	
311002	399711	
310950	399160	
310996	399667	
311016	399957	
311028	399773	
311087	400358	
311109	399356	
311054	401097	
311008	399756	
310984	399597	
310971	400159	
310979	399218	
310959	399556	
310967	400079	
310998	400111	
311034	399445	
311032	399629	
311041	400821	
311044	400440	
311066	399018	
310999	399585	
311036	398932	
310975	399122	
310995	399204	
310967	399613	
310941	400264	
310964	400496	
311018	400000	
311026	399769	
311017	400160	
311064	399946	
311014	400203	
311001	399473	
311011	399455	
311009	399314	
311013	399365	
310975	399437	
310974	399118	
310981	398895	
310974	399297	
311007	399577	
310991	399462	
311027	399646	
311010	399045	
310983	399586	
311013	399915	
311007	399327	
311013	398638	
310961	399125	
311013	399187	
310951	398922	
310921	399708	
310999	399920	
311045	398733	
311023	399976	
311041	399059	
311023	399496	
311055	399591	
311041	399113	
310974	399999	
310991	399231	
310950	399966	
310965	399535	
310942	399179	
310967	399681	
310984	398366	
311033	400194	
311030	399709	
311039	400016	
311024	399108	
310992	400637	
310956	399556	
310944	399287	
310959	399558	
310940	399340	
310963	399650	
310954	399407	
310969	400943	
310978	399465	
311003	399711	
311000	398987	
311036	399402	
310984	400703	
310984	399820	
310966	400162	
310961	399662	
310986	399407	
310949	400449	
310946	399570	
311014	399076	
310953	398918	
310989	398639	
310996	400146	
310981	399542	
311010	399495	
311008	399089	
311014	398835	
310985	399623	
310972	399520	
310990	399132	
310968	399817	
310999	398916	
310933	399593	
310969	399529	
311047	399181	
310953	399324	
310992	400552	
311018	399507	
311013	399545	
311008	399602	
310948	399263	
310917	399490	
310929	399532	
310923	399522	
310953	398396	
310973	398525	
310943	398987	
310954	399571	
311012	399306	
311014	400185	
310988	399460	
310970	399461	
310949	399430	
310970	399861	
310980	399071	
310929	400011	
310961	399656	
310959	398817	
310981	399637	
310954	398901	
310966	400305	
311000	399388	
310990	398834	
311000	400546	
310968	400240	
310971	399673	
310993	400122	
310924	399819	
310987	399551	
310959	399367	
310927	399732	
310991	399029	
310984	399634	
311024	399128	
310958	399620	
311018	398796	
310953	399717	
311000	399310	
311003	399220	
310962	399785	
310971	399515	
310886	399555	
310874	398999	
310960	400542	
311003	399291	
311038	399337	
311008	398891	
310989	400364	
310994	399409	
310989	399676	
310966	399057	
310926	400162	
310955	399523	
310900	399854	
310929	399017	
310956	398944	
310975	399417	
310994	399250	
311027	400215	
310993	399323	
311026	400846	
310991	399522	
310963	399654	
310949	399948	
310984	399403	
310925	399689	
310958	399372	
310963	399057	
310984	399368	
310946	399775	
310982	399651	
311008	399523	
310990	399654	
310988	399371	
310958	399937	
310989	399397	
311018	399900	
310980	399818	
311006	398793	
310950	398912	
310944	399318	
311007	399411	
310963	398565	
310953	399516	
311017	399639	
311024	399770	
310997	399416	
310979	399778	
310969	399752	
310969	399334	
310987	399275	
310955	399356	
310917	399951	
310906	399041	
310975	399162	
311014	399282	
311022	399854	
311014	399600	
311019	400565	
311017	400369	
310978	398733	
310933	400275	
310924	399194	
310944	399338	
310937	399101	
310918	399532	
310955	399059	
311017	399256	
311022	400010	
311015	399949	
311001	400404	
310995	398966	
311025	398708	
310958	399742	
310960	399081	
310983	399823	
310976	399782	
310967	399945	
310964	399111	
310962	399607	
310958	400208	
311017	398866	
310992	399726	
310990	399279	
310995	399304	
311011	400533	
310952	399006	
311034	398526	
310994	399628	
310933	398467	
310940	399580	
310986	399057	
310984	398972	
310961	399662	
311016	399285	
310981	399716	
311024	399400	
311025	399624	
311022	400189	
311005	398719	
311000	399757	
310915	398890	
310922	398660	
310953	399586	
310970	400234	
310975	400505	
311086	399398	
311005	399161	
311052	399188	
311007	399396	
310988	399059	
310963	399401	
311017	399091	
310911	399142	
310952	398717	
310923	399293	
310943	399165	
311006	399491	
311035	399805	
310968	399420	
310987	400625	
311040	399124	
311014	398901	
310980	398750	
311012	398977	
310901	397902	
310939	399050	
310972	399358	
311009	399168	
310975	399864	
310983	398687	
310991	399038	
311007	398690	
311013	399826	
311036	399700	
310973	399883	
311024	400010	
310981	399333	
311037	399438	
311024	399403	
310911	399538	
310959	399316	
310983	398892	
311008	399243	
310969	398805	
311013	398707	
310991	399685	
311005	399291	
311003	399446	
310989	399577	
310968	399810	
310988	399570	
311002	400356	
310955	398425	
310995	399719	
310988	399483	
310971	398932	
311053	398801	
311008	398983	
311027	399832	
311015	399306	
310982	399524	
310972	398735	
310991	400012	
310918	399364	
310952	398782	
310943	399988	
311000	399181	
310925	399024	
311023	400115	
310997	399884	
311002	399615	
311072	400911	
311022	398733	
311029	399706	
310965	399195	
310989	399706	
310960	398880	
310960	399937	
310979	399760	
311001	398829	
310999	399927	
311051	399423	
310994	399963	
310997	399915	
311048	399730	
311033	398919	
311029	399489	
311004	399463	
311033	398712	
310971	399307	
310945	399395	
310982	399123	
311009	399986	
311032	398893	
311032	400203	
311014	399456	
311037	399552	
310990	399329	
311028	398066	
311049	399722	
310982	399493	
310988	399411	
311004	398988	
310995	399254	
310969	399946	
311001	398575	
311013	400529	
311017	400062	
311055	399782	
311016	399802	
310993	398727	
310997	399199	
310986	399181	
310982	399363	
310976	399456	
310968	398511	
310985	399723	
310972	399538	
311018	399511	
310987	399935	
311013	399455	
311099	400031	
311012	399951	
310973	400303	
310953	400177	
310938	400476	
311014	399038	
310966	399007	
310991	398475	
311007	398365	
310955	399983	
311039	399890	
310898	398658	
310871	399176	
310975	399689	
310969	399346	
311011	398963	
311008	399323	
310988	399410	
311012	399655	
310993	398555	
310968	398962	
310987	399317	
310964	398977	
311012	399740	
311051	399174	
310960	399265	
311037	399456	
311060	399840	
311005	400267	
310999	399686	
310981	398830	
310957	398923	
310969	399499	
310960	398990	
310941	399502	
310998	399513	
311071	399847	
311074	399172	
311045	401042	
311052	400089	
311006	399607	
311008	399679	
310990	399182	
310934	400204	
310947	399149	
310950	398815	
310994	399571	
310986	399819	
311021	399064	
311048	399914	
311078	398488	
311013	399433	
311018	399895	
310992	400039	
310975	399968	
311036	399779	
310951	399485	
310977	400525	
310942	399218	
311041	399095	
311047	399806	
310972	399933	
311009	399488	
311013	398333	
311013	400580	
311038	398911	
311016	399432	
310964	398765	
311016	399295	
310933	399748	
310981	399813	
311042	400031	
311002	399096	
311024	399060	
311026	399491	
311014	399431	
311041	398797	
311018	399100	
311025	400112	
310995	399758	
311036	399209	
311019	399631	
310933	399339	
311006	399784	
310959	399650	
310992	399945	
311001	400536	
311047	399775	
311070	399603	
311050	399004	
311024	399307	
311019	399760	
310999	398707	
310985	400278	
310996	399698	
310948	399144	
310960	400168	
310986	399835	
311000	399658	
311060	399095	
311061	398928	
311053	400076	
311048	398873	
311030	399644	
310977	399148	
311006	398388	
310944	399546	
311009	399711	
311017	399157	
310986	399623	
311019	400067	
310987	399559	
311002	398908	
311018	399779	
311052	399104	
311028	399662	
311006	399559	
311027	399396	
311029	400025	
310994	399623	
311034	399150	
311003	400218	
311015	399770	
311063	398968	
311069	399335	
311007	398780	
311032	399360	
311037	398293	
311078	398226	
311018	399332	
311029	400134	
310943	399267	
311048	398261	
311040	398748	
311009	398575	
310962	399544	
311033	399994	
311100	398823	
311048	400085	
311080	399474	
311063	399089	
311057	398557	
311061	400072	
310984	399063	
310982	398835	
311003	399132	
311022	398980	
310968	400234	
311011	399911	
311062	399641	
311044	399965	
311060	399917	
311082	399695	
311055	399133	
311042	399111	
311054	398882	
310984	398942	
310997	399362	
311047	399602	
310961	398934	
311064	399395	
311041	399486	
311018	399763	
311018	399337	
311092	398838	
311013	399672	
311069	399083	
311060	399951	
311060	399259	
311000	399067	
311058	398812	
311035	399631	
311035	399083	
311038	400384	
311105	398442	
311050	399169	
311013	399110	
311044	398705	
311065	399437	
311068	399587	
311018	399277	
311078	399734	
311076	399733	
311066	399589	
310993	399081	
311021	399051	
311007	398741	
311060	399193	
311089	400268	
311050	398607	
311042	400033	
311076	399266	
311067	399128	
311006	399283	
311018	399903	
311034	399330	
311014	399588	
311001	399139	
310992	398879	
311060	399059	
311063	399192	
311151	398794	
311096	398894	
311056	400579	
311055	399157	
311041	400146	
311027	400313	
311057	398654	
311032	400351	
311056	399031	
311045	398727	
311075	399350	
311045	400232	
311079	399466	
311110	399887	
311118	398995	
311098	398996	
311064	399201	
311053	399697	
311049	398381	
311054	399142	
311050	399235	
311060	400447	
311077	399717	
311050	399605	
311081	399213	
311084	400453	
311043	399846	
311109	399065	
311074	399770	
311039	399807	
311056	399293	
311093	398677	
311053	399257	
311010	399132	
311028	399543	
311060	398893	
311066	399284	
311070	398939	
311113	399785	
311078	399812	
311109	399696	
311084	399318	
311075	400038	
311057	400118	
311023	398887	
311027	399261	
311012	399247	
311069	399305	
311084	399064	
311098	399471	
311109	399894	
311118	399532	
311115	399555	
311126	398886	
311034	399226	
311053	399150	
311020	398492	
311018	399605	
311027	399979	
311022	400263	
311105	399761	
311080	400439	
311074	399472	
311114	399172	
311105	399793	
311110	400309	
311056	399581	
311066	399625	
311154	399887	
311088	400189	
311079	399585	
311034	399480	
311052	399903	
311102	399919	
311098	399410	
311101	398741	
311051	399167	
311119	399675	
311135	399244	
311058	400445	
311113	398954	
311090	398912	
311049	399062	
311046	399105	
311022	399801	
311066	399561	
311094	399626	
311101	399455	
311118	399664	
311093	398864	
311120	399512	
311077	399812	
311095	399725	
311092	399083	
311032	400071	
311043	398119	
311036	398709	
311042	398745	
311047	399433	
311082	400202	
311098	399093	
311111	399761	
311114	399605	
311156	399403	
311111	400012	
311100	399248	
311045	399923	
311060	400084	
311098	399322	
311117	399558	
311099	399198	
311095	399510	
311081	400000	
311104	399157	
311125	399074	
311112	399323	
311107	399715	
311106	399591	
311077	400314	
311116	399327	
311084	399302	
311061	399773	
311070	399193	
311076	398765	
311119	399269	
311084	399508	
311099	399160	
311114	399190	
311159	399804	
311104	400101	
311101	399442	
311097	399599	
311111	399382	
311062	399165	
311096	398505	
311053	398883	
311046	399323	
311142	398741	
311119	400806	
311129	398874	
311156	399415	
311170	398749	
311097	400342	
311070	399295	
311054	399387	
311074	399178	
311078	399504	
311068	398697	
311089	399602	
311123	399455	
311088	399653	
311138	399147	
311180	399328	
311152	399273	
311051	399683	
311126	399952	
311100	398890	
311081	398955	
311126	398980	
311115	398642	
311082	399794	
311106	398890	
311069	399720	
311119	398736	
311087	399820	
311144	399577	
311190	399548	
311125	399693	
311129	399080	
311115	399312	
311114	399412	
311111	400227	
311119	398225	
311079	399200	
311102	399420	
311112	399462	
311139	399485	
311115	399267	
311122	399879	
311126	399930	
311140	399313	
311115	399341	
311124	400805	
311110	399719	
311136	400022	
311109	398770	
311096	397770	
311092	399363	
311136	399745	
311142	399189	
311193	399520	
311190	399130	
311113	399057	
311163	399809	
311105	399094	
311117	399032	
311026	399423	
311109	399577	
311089	398974	
311087	398060	
311127	399471	
311188	399338	
311135	398940	
311164	400314	
311147	399256	
311150	400081	
311088	398817	
311134	398655	
311105	398908	
311080	398676	
311106	398639	
311075	399312	
311070	398915	
311159	398569	
311141	400075	
311097	399394	
311124	400015	
311197	399269	
311173	399472	
311129	399208	
311131	399855	
311119	398882	
311138	399443	
311160	399813	
311148	399490	
311163	399871	
311147	398333	
311101	398824	
311170	398837	
311107	398588	
311147	399830	
311132	398854	
311152	399421	
311117	400192	
311134	399024	
311142	398882	
311094	398572	
311131	399157	
311108	399398	
311168	399707	
311171	399156	
311222	399045	
311186	398760	
311187	398431	
311143	399517	
311115	399127	
311111	399572	
311101	398596	
311084	399335	
311071	398968	
311147	399458	
311146	399515	
311176	399771	
311200	398684	
311167	399741	
311153	399720	
311139	400086	
311146	398791	
311133	399791	
311185	400206	
311093	399813	
311087	399998	
311153	399350	
311142	398912	
311130	399113	
311158	399026	
311116	399406	
311180	399258	
311136	399189	
311198	400458	
311150	400051	
311109	399220	
311113	400234	
311164	399327	
311150	399649	
311159	399134	
311147	399810	
311141	399348	
311121	399334	
311144	399262	
311117	399661	
311208	400207	
311172	400021	
311128	399345	
311166	399722	
311123	400131	
311124	399065	
311163	398860	
311101	399928	
311161	399890	
311154	398863	
311166	399003	
311218	399067	
311146	399952	
311161	397978	
311163	399409	
311143	399112	
311108	399017	
311114	399292	
311142	399011	
311140	398622	
311143	398752	
311149	398634	
311157	398739	
311147	399360	
311204	398532	
311187	399420	
311141	398904	
311161	400228	
311174	399820	
311135	399644	
311097	399903	
311173	399917	
311154	399584	
311159	399346	
311140	399398	
311162	399573	
311172	399528	
311146	398622	
311148	399603	
311186	398802	
311125	399291	
311129	399514	
311147	398969	
311136	399456	
311116	399289	
311125	399076	
311162	399868	
311166	398650	
311190	399729	
311149	400188	
311187	398908	
311167	398869	
311150	399247	
311164	399146	
311113	399354	
311166	398854	
311146	399267	
311132	400396	
311142	399050	
311135	399259	
311160	398915	
311193	399440	
311215	399511	
311180	399495	
311144	399434	
311176	399476	
311084	399279	
311107	399757	
311097	398685	
311167	398677	
311155	398052	
311168	399287	
311142	398873	
311209	399639	
311172	400271	
311167	400280	
311186	399134	
311124	399599	
311157	398447	
311114	399084	
311084	399729	
311142	399950	
311112	398755	
311153	400220	
311187	399471	
311218	399263	
311148	399042	
311170	398802	
311134	400355	
311191	400005	
311132	399561	
311152	399334	
311116	399738	
311171	399219	
311151	399408	
311150	399373	
311181	398482	
311140	398825	
311148	399659	
311114	400522	
311170	400505	
311204	399711	
311212	399787	
311134	398828	
311154	399353	
311128	399289	
311099	399916	
311186	400415	
311121	399525	
311120	400508	
311200	399259	
311190	400613	
311198	399256	
311199	398903	
311174	400736	
311167	400327	
311209	400497	
311102	400261	
311155	400073	
311154	400034	
311173	399738	
311133	399793	
311203	400544	
311156	399514	
311195	401138	
311175	400419	
311173	400861	
311174	399535	
311160	399672	
311130	399427	
311163	399595	
311108	399913	
311120	400401	
311154	399658	
311170	399598	
311188	399921	
311171	400399	
311146	399692	
311164	400177	
311169	401024	
311184	400143	
311116	400032	
311139	401399	
311140	400199	
311141	400062	
311208	399111	
311119	399925	
311184	399796	
311196	399914	
311159	399983	
311148	398843	
311195	399995	
311180	400431	
311173	399562	
311159	399044	
311159	400560	
311126	399284	
311139	399204	
311138	399617	
311155	400151	
311148	399122	
311185	400868	
311223	399580	
311174	400508	
311198	399387	
311160	399930	
311096	400534	
311119	398818	
311049	399210	
311095	399052	
311162	399847	
311145	399746	
311204	399782	
311169	399516	
311185	399866	
311211	400902	
311202	398874	
311195	399670	
311173	398788	
311110	399312	
311162	400105	
311130	398781	
311160	399198	
311167	398958	
311156	399250	
311191	399296	
311198	399158	
311163	399149	
311124	399600	
311189	398765	
311220	399504	
311140	400384	
311130	398974	
311159	399520	
311166	398608	
311124	397922	
311167	399521	
311131	399748	
311156	400024	
311171	400138	
311218	399479	
311193	399615	
311150	399113	
311181	399458	
311167	399774	
311145	400520	
311163	399188	
311163	399766	
311146	400024	
311127	398740	
311120	399331	
311195	399104	
311173	399627	
311196	399458	
311187	399310	
311147	399282	
311158	399872	
311156	399368	
311138	399793	
311109	398845	
311128	400243	
311143	399484	
311178	399165	
311224	399413	
311155	398612	
311123	399619	
311138	399727	
311192	400452	
311157	399377	
311168	399620	
311130	399574	
311133	399562	
311149	399496	
311118	399454	
311134	398426	
311160	399712	
311159	400123	
311189	399014	
311162	399360	
311112	398565	
311139	399791	
311142	399301	
311158	399583	
311142	399282	
311146	398905	
311127	399209	
311156	399014	
311143	399565	
311148	399398	
311176	399186	
311156	399827	
311124	399810	
311183	398929	
311177	399364	
311148	399016	
311155	400162	
311122	399245	
311116	399312	
311128	398667	
311093	399373	
311100	399675	
311188	399819	
311168	399963	
311183	398647	
311183	399887	
311200	398975	
311165	400468	
311148	400136	
311122	399578	
311080	400215	
311120	399352	
311136	400257	
311136	400106	
311146	399874	
311139	399455	
311208	399523	
311150	399639	
311155	400328	
311152	399723	
311125	399367	
311123	399223	
311206	400098	
311106	399805	
311070	399128	
311088	400305	
311145	399589	
311186	400308	
311177	399815	
311163	399296	
311156	399588	
311144	399294	
311154	399463	
311124	400492	
311179	399790	
311123	399117	
311153	399054	
311101	399302	
311119	399192	
311152	399228	
311153	398986	
311125	398980	
311191	399512	
311147	399756	
311115	399836	
311126	399427	
311140	399484	
311140	399903	
311171	399548	
311098	399429	
311124	399125	
311155	399348	
311150	399685	
311130	399516	
311152	399730	
311187	400025	
311119	399584	
311135	398619	
311135	399922	
311156	399745	
311051	398691	
311079	399583	
311105	399113	
311103	398892	
311111	398824	
311139	399190	
311178	398779	
311159	399875	
311185	399510	
311138	399494	
311103	399920	
311149	400808	
311102	399802	
311121	399272	
311163	398791	
311077	399476	
311140	399196	
311115	399845	
311140	399284	
311100	399467	
311165	400502	
311125	399239	
311166	399129	
311126	399417	
311108	398480	
311120	399462	
311142	399799	
311092	399454	
311088	399414	
311148	398792	
311116	398875	
311139	398752	
311149	400220	
311108	399676	
311148	399187	
311134	399676	
311119	399239	
311118	399962	
311135	398416	
311123	400329	
311078	399534	
311053	399871	
311092	398748	
311134	399314	
311132	399714	
311128	399008	
311134	399543	
311091	399492	
311137	400000	
311133	400339	
311124	399897	
311119	400330	
311095	399150	
311053	399016	
311108	398884	
311145	398995	
311134	399238	
311141	399644	
311129	399120	
311115	400549	
311102	399301	
311154	398788	
311140	399852	
311078	399545	
311087	399702	
311087	399124	
311076	398895	
311090	399647	
311105	398944	
311139	400016	
311132	399444	
311120	400315	
311138	399123	
311134	398952	
311129	399678	
311101	398775	
311088	399543	
311110	400088	
311083	398743	
311140	399503	
311088	399543	
311082	399738	
311144	398992	
311129	398439	
311117	398675	
311108	398749	
311120	399129	
311146	399129	
311147	398978	
311136	398802	
311085	400028	
311064	398818	
311042	399442	
311100	399183	
311106	399503	
311150	399937	
311146	398814	
311127	398676	
311098	398599	
311133	399822	
311117	399155	
311122	400598	
311088	399859	
311110	398960	
311020	398821	
311097	398430	
311071	399481	
311113	399260	
311134	400185	
311126	399890	
311126	399181	
311164	398992	
311108	399068	
311083	398374	
311087	398142	
311039	399425	
311085	399378	
311071	399081	
311114	398432	
311079	398792	
311143	399113	
311143	398361	
311105	399091	
311149	398724	
311109	399972	
311138	400800	
311095	399773	
311084	399303	
311061	398861	
311092	397988	
311075	399578	
311067	399429	
311085	398962	
311127	399468	
311136	398939	
311118	398908	
311115	399488	
311101	398833	
311110	398762	
311133	399313	
311091	398974	
311077	399602	
311050	398925	
311085	399263	
311030	398410	
311109	399512	
311137	400114	
311099	399683	
311133	399765	
311096	399313	
311070	400044	
311065	398987	
311086	399199	
311073	399577	
311026	398793	
311042	398433	
311071	399159	
311098	399236	
311130	399284	
311153	399549	
311134	398919	
311121	399859	
311046	399325	
311069	399655	
311068	399046	
311074	399147	
311072	399475	
311062	398893	
311083	399656	
311074	399179	
311130	399727	
311073	399883	
311109	399814	
311130	398788	
311115	398957	
311122	400141	
311121	398383	
311070	398990	
311071	400357	
311118	399470	
311072	398641	
311099	398714	
311074	398952	
311096	398780	
311135	398839	
311106	399582	
311099	398597	
311120	399013	
311064	399316	
311098	399034	
311065	400249	
311033	400394	
311065	399941	
311045	398439	
311067	399588	
311090	400141	
311059	399873	
311102	399280	
311086	399033	
311091	399504	
311078	398408	
311073	399893	
311061	399034	
311059	400223	
311034	399342	
311072	399428	
311064	399470	
311078	399599	
311113	398632	
311063	399472	
311123	400285	
311097	399890	
311090	399204	
311072	399523	
311051	399596	
311057	398360	
311082	399207	
311055	398954	
311040	399696	
311013	398646	
311090	399417	
311094	400088	
311137	398989	
311100	399080	
311108	399299	
311049	398843	
311074	398743	
311098	399495	
311060	399679	
311081	398956	
311073	398934	
311040	399272	
311085	399367	
311059	399106	
311089	399024	
311093	400479	
311083	398610	
311100	399941	
311010	400452	
311080	398742	
311101	398391	
311062	399755	
311050	399751	
311027	399050	
311040	399315	
311071	399306	
311035	399233	
311090	399360	
311131	398999	
311135	399337	
311088	400028	
311056	398521	
311105	399443	
311033	398723	
311003	399831	
311083	399000	
311009	400174	
311031	399028	
311090	399031	
311109	399402	
311073	400212	
311145	399234	
311076	398657	
311093	399495	
311030	400135	
311059	399122	
311059	398942	
311121	399081	
311035	399102	
310984	399341	
311084	398924	
311086	398426	
311048	399209	
311100	398622	
311091	398750	
311096	398862	
311082	399019	
311029	399985	
311019	399976	
311072	399230	
311086	399639	
311016	398824	
311058	399279	
311015	399109	
311041	399090	
311095	399407	
311047	399542	
311087	399074	
311068	398970	
311085	398844	
311064	398807	
311093	399823	
311070	399002	
311064	399986	
311067	399660	
311119	398998	
311056	399114	
311064	399696	
311088	399582	
311084	399031	
311120	399334	
311121	399515	
311021	399190	
311050	399169	
311031	399017	
311025	398911	
311027	399433	
311071	399436	
311037	398326	
311070	399407	
311050	399657	
311107	399430	
311061	398849	
311082	399520	
311055	398248	
311038	398158	
310994	398808	
311065	398822	
311039	399201	
311037	399349	
311029	399797	
311077	399151	
311075	400188	
311059	400095	
311068	398794	
311098	398242	
311061	400194	
311076	398392	
311001	399353	
311056	398455	
311048	399180	
311021	399208	
311094	398933	
311017	398892	
311061	398660	
311096	398657	
311047	399050	
311083	399436	
311054	398975	
311078	398658	
311054	399128	
311046	398928	
311068	399900	
311053	398648	
311018	399809	
311035	398502	
311088	399999	
311016	399562	
311069	399395	
311101	399738	
311132	399452	
311056	400189	
311045	399096	
311086	399386	
311032	399616	
311038	398572	
310997	399635	
310992	398813	
311060	398948	
311063	399465	
311082	398398	
311091	398386	
311097	399915	
311068	399557	
311055	398327	
311058	399459	
311038	398744	
311056	398479	
311085	398913	
310966	399341	
311024	398912	
311056	398524	
311065	400042	
311090	399283	
311037	398778	
311063	397975	
311076	398803	
311059	399324	
311013	400006	
311099	398602	
311016	398949	
311018	398788	
311000	399169	
311037	399604	
311042	399418	
311063	399747	
311077	399428	
311064	399594	
311057	399738	
311096	400211	
311094	399145	
311084	399361	
311068	399751	
311026	398986	
311084	399196	
311038	400137	
311078	399376	
311023	398953	
311083	400396	
311019	398649	
311042	399526	
311124	400147	
311064	399829	
311057	398841	
311054	398975	
311032	398929	
310993	399402	
311052	399553	
311026	399769	
311058	399664	
311038	399086	
311058	399151	
311103	399548	
311103	399248	
311112	399823	
311047	399589	
311070	399368	
311038	399858	
311016	398399	
311055	398951	
311031	398557	
311044	399264	
311064	399822	
311107	399502	
311026	399129	
311089	399554	
311050	400185	
311074	399320	
311036	399121	
311060	399675	
311059	398975	
311062	399312	
311014	399004	
311040	399088	
311004	398534	
311066	399914	
311087	399874	
311057	399307	
311076	399070	
311085	399813	
311099	399210	
311084	399151	
311101	397666	
311047	399672	
311025	398806	
311051	399185	
311007	399174	
311039	399543	
311012	398847	
311040	399948	
311102	400337	
311101	399479	
311085	398629	
311098	400126	
311079	398409	
311058	399749	
310973	399405	
311030	399374	
311057	399054	
311068	398792	
311071	399453	
311037	399149	
311115	400063	
311121	399766	
311065	399309	
311066	399114	
311039	398791	
311066	398660	
311064	398288	
311112	399493	
310998	400311	
311027	399875	
311064	398684	
311064	399281	
311062	399984	
311038	399561	
311066	398884	
311131	400081	
311075	399366	
311080	399150	
311076	399445	
311057	399650	
311037	399429	
311011	398277	
311059	400269	
311005	400038	
311058	400113	
311090	399307	
311032	399813	
311082	399562	
311129	399678	
311069	399735	
311047	399243	
311086	399004	
311006	399701	
311039	399435	
311054	399202	
310975	399299	
311041	399142	
311095	399443	
311094	398161	
311061	399097	
311072	399555	
311090	399610	
311065	399766	
311100	399350	
310984	400249	
310996	398617	
311018	399973	
311025	398341	
311044	399235	
311082	398658	
311078	399938	
311098	398419	
311114	399013	
311049	399305	
311011	399805	
311046	399232	
311057	399631	
311052	398152	
311020	399526	
311021	399722	
311038	398848	
311058	399245	
311070	399423	
311065	400960	
311082	398978	
311059	399123	
311022	399414	
311077	399070	
311084	399854	
311047	398806	
311058	399103	
311073	400016	
311024	398605	
311015	398499	
311093	398980	
311049	398971	
311110	400212	
311068	399555	
311072	398485	
311081	399595	
311054	399465	
311044	399492	
311045	399632	
311068	398929	
311038	399553	
311017	399357	
311072	399822	
311050	398552	
311100	399517	
311073	399553	
311113	398888	
311074	399179	
311089	399543	
311075	399198	
311033	398378	
311056	399181	
310982	399083	
311002	399043	
311047	398697	
311092	398498	
311045	399373	
311089	399214	
311076	400143	
311101	399057	
311118	399179	
311100	398485	
311035	399699	
311058	399792	
311032	399504	
311017	399748	
311048	399966	
311059	399854	
311087	398932	
311123	400305	
311083	399561	
311074	398982	
311074	398235	
311114	399604	
311059	399757	
311068	399082	
311076	398992	
311033	399183	
311023	399400	
311089	399805	
311095	398966	
311125	399841	
311115	399823	
311049	400110	
311078	399409	
311081	400307	
311082	399006	
311137	399406	
311081	399904	
311037	399560	
311061	399767	
311060	398193	
311035	399310	
311023	399545	
311121	399239	
311093	399581	
311127	399618	
311110	398534	
311046	400180	
311137	399322	

 Comment
@